Q8NGV5	M1A	0.1298	benign
Q8NGV5	M1C	0.1119	benign
Q8NGV5	M1D	0.2591	benign
Q8NGV5	M1E	0.1644	benign
Q8NGV5	M1F	0.0846	benign
Q8NGV5	M1G	0.199	benign
Q8NGV5	M1H	0.1383	benign
Q8NGV5	M1I	0.1147	benign
Q8NGV5	M1K	0.0881	benign
Q8NGV5	M1L	0.0725	benign
Q8NGV5	M1N	0.1449	benign
Q8NGV5	M1P	0.1537	benign
Q8NGV5	M1Q	0.0725	benign
Q8NGV5	M1R	0.0715	benign
Q8NGV5	M1S	0.1259	benign
Q8NGV5	M1T	0.1095	benign
Q8NGV5	M1V	0.0604	benign
Q8NGV5	M1W	0.1195	benign
Q8NGV5	M1Y	0.1449	benign
Q8NGV5	Y2A	0.1384	benign
Q8NGV5	Y2C	0.0747	benign
Q8NGV5	Y2D	0.0713	benign
Q8NGV5	Y2E	0.1265	benign
Q8NGV5	Y2F	0.0705	benign
Q8NGV5	Y2G	0.0937	benign
Q8NGV5	Y2H	0.1098	benign
Q8NGV5	Y2I	0.1511	benign
Q8NGV5	Y2K	0.1188	benign
Q8NGV5	Y2L	0.1477	benign
Q8NGV5	Y2M	0.2766	benign
Q8NGV5	Y2N	0.0573	benign
Q8NGV5	Y2P	0.1616	benign
Q8NGV5	Y2Q	0.1411	benign
Q8NGV5	Y2R	0.1035	benign
Q8NGV5	Y2S	0.071	benign
Q8NGV5	Y2T	0.1342	benign
Q8NGV5	Y2V	0.1434	benign
Q8NGV5	Y2W	0.1841	benign
Q8NGV5	R3A	0.135	benign
Q8NGV5	R3C	0.1081	benign
Q8NGV5	R3D	0.1504	benign
Q8NGV5	R3E	0.1364	benign
Q8NGV5	R3F	0.1589	benign
Q8NGV5	R3G	0.0797	benign
Q8NGV5	R3H	0.0897	benign
Q8NGV5	R3I	0.0868	benign
Q8NGV5	R3K	0.098	benign
Q8NGV5	R3L	0.0957	benign
Q8NGV5	R3M	0.164	benign
Q8NGV5	R3N	0.1798	benign
Q8NGV5	R3P	0.1389	benign
Q8NGV5	R3Q	0.0958	benign
Q8NGV5	R3S	0.1289	benign
Q8NGV5	R3T	0.1057	benign
Q8NGV5	R3V	0.1372	benign
Q8NGV5	R3W	0.1217	benign
Q8NGV5	R3Y	0.1364	benign
Q8NGV5	F4A	0.1652	benign
Q8NGV5	F4C	0.138	benign
Q8NGV5	F4D	0.1445	benign
Q8NGV5	F4E	0.1989	benign
Q8NGV5	F4G	0.2176	benign
Q8NGV5	F4H	0.2513	benign
Q8NGV5	F4I	0.0907	benign
Q8NGV5	F4K	0.2135	benign
Q8NGV5	F4L	0.4604	ambiguous
Q8NGV5	F4M	0.2912	benign
Q8NGV5	F4N	0.1355	benign
Q8NGV5	F4P	0.3856	ambiguous
Q8NGV5	F4Q	0.2867	benign
Q8NGV5	F4R	0.2087	benign
Q8NGV5	F4S	0.1169	benign
Q8NGV5	F4T	0.1593	benign
Q8NGV5	F4V	0.1094	benign
Q8NGV5	F4W	0.2584	benign
Q8NGV5	F4Y	0.1049	benign
Q8NGV5	T5A	0.0744	benign
Q8NGV5	T5C	0.2456	benign
Q8NGV5	T5D	0.1494	benign
Q8NGV5	T5E	0.1344	benign
Q8NGV5	T5F	0.136	benign
Q8NGV5	T5G	0.1268	benign
Q8NGV5	T5H	0.1352	benign
Q8NGV5	T5I	0.1093	benign
Q8NGV5	T5K	0.1045	benign
Q8NGV5	T5L	0.1006	benign
Q8NGV5	T5M	0.116	benign
Q8NGV5	T5N	0.1016	benign
Q8NGV5	T5P	0.0763	benign
Q8NGV5	T5Q	0.1318	benign
Q8NGV5	T5R	0.0799	benign
Q8NGV5	T5S	0.0929	benign
Q8NGV5	T5V	0.1288	benign
Q8NGV5	T5W	0.2431	benign
Q8NGV5	T5Y	0.137	benign
Q8NGV5	D6A	0.0826	benign
Q8NGV5	D6C	0.1862	benign
Q8NGV5	D6E	0.1189	benign
Q8NGV5	D6F	0.1535	benign
Q8NGV5	D6G	0.0858	benign
Q8NGV5	D6H	0.1034	benign
Q8NGV5	D6I	0.1021	benign
Q8NGV5	D6K	0.1561	benign
Q8NGV5	D6L	0.1178	benign
Q8NGV5	D6M	0.2891	benign
Q8NGV5	D6N	0.0847	benign
Q8NGV5	D6P	0.1964	benign
Q8NGV5	D6Q	0.1656	benign
Q8NGV5	D6R	0.1329	benign
Q8NGV5	D6S	0.0877	benign
Q8NGV5	D6T	0.116	benign
Q8NGV5	D6V	0.0864	benign
Q8NGV5	D6W	0.3849	ambiguous
Q8NGV5	D6Y	0.0644	benign
Q8NGV5	F7A	0.0934	benign
Q8NGV5	F7C	0.0994	benign
Q8NGV5	F7D	0.1133	benign
Q8NGV5	F7E	0.1589	benign
Q8NGV5	F7G	0.1553	benign
Q8NGV5	F7H	0.2138	benign
Q8NGV5	F7I	0.0707	benign
Q8NGV5	F7K	0.174	benign
Q8NGV5	F7L	0.3548	ambiguous
Q8NGV5	F7M	0.2074	benign
Q8NGV5	F7N	0.1274	benign
Q8NGV5	F7P	0.3083	benign
Q8NGV5	F7Q	0.2402	benign
Q8NGV5	F7R	0.1517	benign
Q8NGV5	F7S	0.0742	benign
Q8NGV5	F7T	0.0808	benign
Q8NGV5	F7V	0.079	benign
Q8NGV5	F7W	0.1872	benign
Q8NGV5	F7Y	0.0984	benign
Q8NGV5	D8A	0.0758	benign
Q8NGV5	D8C	0.1667	benign
Q8NGV5	D8E	0.1262	benign
Q8NGV5	D8F	0.1559	benign
Q8NGV5	D8G	0.0775	benign
Q8NGV5	D8H	0.0887	benign
Q8NGV5	D8I	0.1093	benign
Q8NGV5	D8K	0.1544	benign
Q8NGV5	D8L	0.1184	benign
Q8NGV5	D8M	0.288	benign
Q8NGV5	D8N	0.0861	benign
Q8NGV5	D8P	0.1729	benign
Q8NGV5	D8Q	0.1526	benign
Q8NGV5	D8R	0.114	benign
Q8NGV5	D8S	0.08	benign
Q8NGV5	D8T	0.1095	benign
Q8NGV5	D8V	0.0905	benign
Q8NGV5	D8W	0.345	ambiguous
Q8NGV5	D8Y	0.0669	benign
Q8NGV5	V9A	0.0957	benign
Q8NGV5	V9C	0.2788	benign
Q8NGV5	V9D	0.0788	benign
Q8NGV5	V9E	0.1054	benign
Q8NGV5	V9F	0.0692	benign
Q8NGV5	V9G	0.0759	benign
Q8NGV5	V9H	0.1912	benign
Q8NGV5	V9I	0.0724	benign
Q8NGV5	V9K	0.1322	benign
Q8NGV5	V9L	0.1112	benign
Q8NGV5	V9M	0.1216	benign
Q8NGV5	V9N	0.1036	benign
Q8NGV5	V9P	0.167	benign
Q8NGV5	V9Q	0.1589	benign
Q8NGV5	V9R	0.1097	benign
Q8NGV5	V9S	0.0982	benign
Q8NGV5	V9T	0.1181	benign
Q8NGV5	V9W	0.299	benign
Q8NGV5	V9Y	0.1691	benign
Q8NGV5	S10A	0.0831	benign
Q8NGV5	S10C	0.0838	benign
Q8NGV5	S10D	0.141	benign
Q8NGV5	S10E	0.1433	benign
Q8NGV5	S10F	0.1147	benign
Q8NGV5	S10G	0.0737	benign
Q8NGV5	S10H	0.1443	benign
Q8NGV5	S10I	0.1012	benign
Q8NGV5	S10K	0.1913	benign
Q8NGV5	S10L	0.0985	benign
Q8NGV5	S10M	0.1876	benign
Q8NGV5	S10N	0.0986	benign
Q8NGV5	S10P	0.0807	benign
Q8NGV5	S10Q	0.1847	benign
Q8NGV5	S10R	0.1464	benign
Q8NGV5	S10T	0.0805	benign
Q8NGV5	S10V	0.1266	benign
Q8NGV5	S10W	0.1286	benign
Q8NGV5	S10Y	0.0868	benign
Q8NGV5	N11A	0.1052	benign
Q8NGV5	N11C	0.1439	benign
Q8NGV5	N11D	0.069	benign
Q8NGV5	N11E	0.1315	benign
Q8NGV5	N11F	0.1754	benign
Q8NGV5	N11G	0.1226	benign
Q8NGV5	N11H	0.0796	benign
Q8NGV5	N11I	0.0929	benign
Q8NGV5	N11K	0.1137	benign
Q8NGV5	N11L	0.1071	benign
Q8NGV5	N11M	0.1861	benign
Q8NGV5	N11P	0.1564	benign
Q8NGV5	N11Q	0.153	benign
Q8NGV5	N11R	0.118	benign
Q8NGV5	N11S	0.072	benign
Q8NGV5	N11T	0.0864	benign
Q8NGV5	N11V	0.1016	benign
Q8NGV5	N11W	0.3364	benign
Q8NGV5	N11Y	0.0764	benign
Q8NGV5	I12A	0.1463	benign
Q8NGV5	I12C	0.2375	benign
Q8NGV5	I12D	0.1739	benign
Q8NGV5	I12E	0.1861	benign
Q8NGV5	I12F	0.0626	benign
Q8NGV5	I12G	0.1933	benign
Q8NGV5	I12H	0.1522	benign
Q8NGV5	I12K	0.1345	benign
Q8NGV5	I12L	0.085	benign
Q8NGV5	I12M	0.0999	benign
Q8NGV5	I12N	0.0823	benign
Q8NGV5	I12P	0.2288	benign
Q8NGV5	I12Q	0.1616	benign
Q8NGV5	I12R	0.092	benign
Q8NGV5	I12S	0.0996	benign
Q8NGV5	I12T	0.1211	benign
Q8NGV5	I12V	0.0857	benign
Q8NGV5	I12W	0.2817	benign
Q8NGV5	I12Y	0.1382	benign
Q8NGV5	S13A	0.0816	benign
Q8NGV5	S13C	0.0869	benign
Q8NGV5	S13D	0.1643	benign
Q8NGV5	S13E	0.1826	benign
Q8NGV5	S13F	0.1088	benign
Q8NGV5	S13G	0.0783	benign
Q8NGV5	S13H	0.1572	benign
Q8NGV5	S13I	0.0931	benign
Q8NGV5	S13K	0.2475	benign
Q8NGV5	S13L	0.1013	benign
Q8NGV5	S13M	0.186	benign
Q8NGV5	S13N	0.1064	benign
Q8NGV5	S13P	0.0753	benign
Q8NGV5	S13Q	0.227	benign
Q8NGV5	S13R	0.1875	benign
Q8NGV5	S13T	0.0803	benign
Q8NGV5	S13V	0.1207	benign
Q8NGV5	S13W	0.1332	benign
Q8NGV5	S13Y	0.0847	benign
Q8NGV5	I14A	0.1394	benign
Q8NGV5	I14C	0.2618	benign
Q8NGV5	I14D	0.1729	benign
Q8NGV5	I14E	0.1804	benign
Q8NGV5	I14F	0.072	benign
Q8NGV5	I14G	0.2029	benign
Q8NGV5	I14H	0.1667	benign
Q8NGV5	I14K	0.13	benign
Q8NGV5	I14L	0.0822	benign
Q8NGV5	I14M	0.0966	benign
Q8NGV5	I14N	0.083	benign
Q8NGV5	I14P	0.2237	benign
Q8NGV5	I14Q	0.1549	benign
Q8NGV5	I14R	0.0847	benign
Q8NGV5	I14S	0.0974	benign
Q8NGV5	I14T	0.1181	benign
Q8NGV5	I14V	0.0807	benign
Q8NGV5	I14W	0.2883	benign
Q8NGV5	I14Y	0.1675	benign
Q8NGV5	Y15A	0.1658	benign
Q8NGV5	Y15C	0.074	benign
Q8NGV5	Y15D	0.0743	benign
Q8NGV5	Y15E	0.2013	benign
Q8NGV5	Y15F	0.0796	benign
Q8NGV5	Y15G	0.1361	benign
Q8NGV5	Y15H	0.0979	benign
Q8NGV5	Y15I	0.1502	benign
Q8NGV5	Y15K	0.2109	benign
Q8NGV5	Y15L	0.1504	benign
Q8NGV5	Y15M	0.317	benign
Q8NGV5	Y15N	0.079	benign
Q8NGV5	Y15P	0.1677	benign
Q8NGV5	Y15Q	0.1781	benign
Q8NGV5	Y15R	0.1445	benign
Q8NGV5	Y15S	0.0763	benign
Q8NGV5	Y15T	0.1483	benign
Q8NGV5	Y15V	0.1419	benign
Q8NGV5	Y15W	0.2389	benign
Q8NGV5	L16A	0.1553	benign
Q8NGV5	L16C	0.2272	benign
Q8NGV5	L16D	0.2847	benign
Q8NGV5	L16E	0.1673	benign
Q8NGV5	L16F	0.0804	benign
Q8NGV5	L16G	0.1967	benign
Q8NGV5	L16H	0.1318	benign
Q8NGV5	L16I	0.0791	benign
Q8NGV5	L16K	0.1356	benign
Q8NGV5	L16M	0.1132	benign
Q8NGV5	L16N	0.2022	benign
Q8NGV5	L16P	0.123	benign
Q8NGV5	L16Q	0.1018	benign
Q8NGV5	L16R	0.1018	benign
Q8NGV5	L16S	0.125	benign
Q8NGV5	L16T	0.1311	benign
Q8NGV5	L16V	0.0883	benign
Q8NGV5	L16W	0.0954	benign
Q8NGV5	L16Y	0.1933	benign
Q8NGV5	N17A	0.1392	benign
Q8NGV5	N17C	0.1548	benign
Q8NGV5	N17D	0.0834	benign
Q8NGV5	N17E	0.1469	benign
Q8NGV5	N17F	0.2081	benign
Q8NGV5	N17G	0.1491	benign
Q8NGV5	N17H	0.0749	benign
Q8NGV5	N17I	0.1109	benign
Q8NGV5	N17K	0.1204	benign
Q8NGV5	N17L	0.1248	benign
Q8NGV5	N17M	0.2324	benign
Q8NGV5	N17P	0.1491	benign
Q8NGV5	N17Q	0.1469	benign
Q8NGV5	N17R	0.1231	benign
Q8NGV5	N17S	0.0769	benign
Q8NGV5	N17T	0.0994	benign
Q8NGV5	N17V	0.1395	benign
Q8NGV5	N17W	0.3169	benign
Q8NGV5	N17Y	0.0737	benign
Q8NGV5	H18A	0.1277	benign
Q8NGV5	H18C	0.1105	benign
Q8NGV5	H18D	0.0748	benign
Q8NGV5	H18E	0.118	benign
Q8NGV5	H18F	0.1956	benign
Q8NGV5	H18G	0.1141	benign
Q8NGV5	H18I	0.1605	benign
Q8NGV5	H18K	0.1115	benign
Q8NGV5	H18L	0.0896	benign
Q8NGV5	H18M	0.2787	benign
Q8NGV5	H18N	0.0717	benign
Q8NGV5	H18P	0.0807	benign
Q8NGV5	H18Q	0.1111	benign
Q8NGV5	H18R	0.0644	benign
Q8NGV5	H18S	0.1072	benign
Q8NGV5	H18T	0.125	benign
Q8NGV5	H18V	0.1429	benign
Q8NGV5	H18W	0.2173	benign
Q8NGV5	H18Y	0.0745	benign
Q8NGV5	V19A	0.118	benign
Q8NGV5	V19C	0.3661	ambiguous
Q8NGV5	V19D	0.101	benign
Q8NGV5	V19E	0.1353	benign
Q8NGV5	V19F	0.0705	benign
Q8NGV5	V19G	0.1012	benign
Q8NGV5	V19H	0.2235	benign
Q8NGV5	V19I	0.0741	benign
Q8NGV5	V19K	0.1674	benign
Q8NGV5	V19L	0.1092	benign
Q8NGV5	V19M	0.121	benign
Q8NGV5	V19N	0.132	benign
Q8NGV5	V19P	0.2133	benign
Q8NGV5	V19Q	0.1738	benign
Q8NGV5	V19R	0.1335	benign
Q8NGV5	V19S	0.1192	benign
Q8NGV5	V19T	0.1493	benign
Q8NGV5	V19W	0.3812	ambiguous
Q8NGV5	V19Y	0.1964	benign
Q8NGV5	L20A	0.1312	benign
Q8NGV5	L20C	0.2341	benign
Q8NGV5	L20D	0.2267	benign
Q8NGV5	L20E	0.1775	benign
Q8NGV5	L20F	0.0686	benign
Q8NGV5	L20G	0.1994	benign
Q8NGV5	L20H	0.1192	benign
Q8NGV5	L20I	0.0711	benign
Q8NGV5	L20K	0.151	benign
Q8NGV5	L20M	0.1169	benign
Q8NGV5	L20N	0.1701	benign
Q8NGV5	L20P	0.094	benign
Q8NGV5	L20Q	0.1096	benign
Q8NGV5	L20R	0.107	benign
Q8NGV5	L20S	0.1024	benign
Q8NGV5	L20T	0.1177	benign
Q8NGV5	L20V	0.0821	benign
Q8NGV5	L20W	0.1127	benign
Q8NGV5	L20Y	0.1751	benign
Q8NGV5	F21A	0.1555	benign
Q8NGV5	F21C	0.1147	benign
Q8NGV5	F21D	0.1826	benign
Q8NGV5	F21E	0.2548	benign
Q8NGV5	F21G	0.2242	benign
Q8NGV5	F21H	0.2327	benign
Q8NGV5	F21I	0.0865	benign
Q8NGV5	F21K	0.2812	benign
Q8NGV5	F21L	0.4051	ambiguous
Q8NGV5	F21M	0.3145	benign
Q8NGV5	F21N	0.1699	benign
Q8NGV5	F21P	0.3024	benign
Q8NGV5	F21Q	0.2718	benign
Q8NGV5	F21R	0.2024	benign
Q8NGV5	F21S	0.0971	benign
Q8NGV5	F21T	0.1496	benign
Q8NGV5	F21V	0.1006	benign
Q8NGV5	F21W	0.23	benign
Q8NGV5	F21Y	0.1049	benign
Q8NGV5	Y22A	0.1559	benign
Q8NGV5	Y22C	0.0636	benign
Q8NGV5	Y22D	0.0655	benign
Q8NGV5	Y22E	0.1771	benign
Q8NGV5	Y22F	0.0777	benign
Q8NGV5	Y22G	0.1146	benign
Q8NGV5	Y22H	0.0863	benign
Q8NGV5	Y22I	0.1724	benign
Q8NGV5	Y22K	0.1898	benign
Q8NGV5	Y22L	0.1506	benign
Q8NGV5	Y22M	0.3324	benign
Q8NGV5	Y22N	0.0718	benign
Q8NGV5	Y22P	0.1517	benign
Q8NGV5	Y22Q	0.1588	benign
Q8NGV5	Y22R	0.1239	benign
Q8NGV5	Y22S	0.0657	benign
Q8NGV5	Y22T	0.1452	benign
Q8NGV5	Y22V	0.1433	benign
Q8NGV5	Y22W	0.2071	benign
Q8NGV5	T23A	0.0669	benign
Q8NGV5	T23C	0.2232	benign
Q8NGV5	T23D	0.1222	benign
Q8NGV5	T23E	0.1228	benign
Q8NGV5	T23F	0.1104	benign
Q8NGV5	T23G	0.1199	benign
Q8NGV5	T23H	0.1094	benign
Q8NGV5	T23I	0.0962	benign
Q8NGV5	T23K	0.0988	benign
Q8NGV5	T23L	0.0876	benign
Q8NGV5	T23M	0.0932	benign
Q8NGV5	T23N	0.0781	benign
Q8NGV5	T23P	0.0626	benign
Q8NGV5	T23Q	0.1162	benign
Q8NGV5	T23R	0.0777	benign
Q8NGV5	T23S	0.0862	benign
Q8NGV5	T23V	0.1049	benign
Q8NGV5	T23W	0.2556	benign
Q8NGV5	T23Y	0.0966	benign
Q8NGV5	T24A	0.0641	benign
Q8NGV5	T24C	0.2505	benign
Q8NGV5	T24D	0.1227	benign
Q8NGV5	T24E	0.1087	benign
Q8NGV5	T24F	0.0985	benign
Q8NGV5	T24G	0.1155	benign
Q8NGV5	T24H	0.1207	benign
Q8NGV5	T24I	0.0874	benign
Q8NGV5	T24K	0.0931	benign
Q8NGV5	T24L	0.0755	benign
Q8NGV5	T24M	0.0838	benign
Q8NGV5	T24N	0.0786	benign
Q8NGV5	T24P	0.0649	benign
Q8NGV5	T24Q	0.1046	benign
Q8NGV5	T24R	0.0795	benign
Q8NGV5	T24S	0.0773	benign
Q8NGV5	T24V	0.0936	benign
Q8NGV5	T24W	0.2386	benign
Q8NGV5	T24Y	0.1114	benign
Q8NGV5	Q25A	0.1215	benign
Q8NGV5	Q25C	0.3033	benign
Q8NGV5	Q25D	0.1513	benign
Q8NGV5	Q25E	0.0697	benign
Q8NGV5	Q25F	0.2886	benign
Q8NGV5	Q25G	0.1106	benign
Q8NGV5	Q25H	0.1224	benign
Q8NGV5	Q25I	0.1713	benign
Q8NGV5	Q25K	0.0767	benign
Q8NGV5	Q25L	0.0945	benign
Q8NGV5	Q25M	0.2316	benign
Q8NGV5	Q25N	0.1595	benign
Q8NGV5	Q25P	0.0741	benign
Q8NGV5	Q25R	0.0727	benign
Q8NGV5	Q25S	0.1177	benign
Q8NGV5	Q25T	0.1248	benign
Q8NGV5	Q25V	0.1299	benign
Q8NGV5	Q25W	0.2012	benign
Q8NGV5	Q25Y	0.179	benign
Q8NGV5	Q26A	0.1068	benign
Q8NGV5	Q26C	0.3299	benign
Q8NGV5	Q26D	0.1364	benign
Q8NGV5	Q26E	0.0631	benign
Q8NGV5	Q26F	0.2826	benign
Q8NGV5	Q26G	0.1126	benign
Q8NGV5	Q26H	0.1267	benign
Q8NGV5	Q26I	0.1548	benign
Q8NGV5	Q26K	0.071	benign
Q8NGV5	Q26L	0.0884	benign
Q8NGV5	Q26M	0.2024	benign
Q8NGV5	Q26N	0.1486	benign
Q8NGV5	Q26P	0.0755	benign
Q8NGV5	Q26R	0.0785	benign
Q8NGV5	Q26S	0.1323	benign
Q8NGV5	Q26T	0.1119	benign
Q8NGV5	Q26V	0.1181	benign
Q8NGV5	Q26W	0.2275	benign
Q8NGV5	Q26Y	0.1794	benign
Q8NGV5	A27C	0.2663	benign
Q8NGV5	A27D	0.0892	benign
Q8NGV5	A27E	0.0936	benign
Q8NGV5	A27F	0.152	benign
Q8NGV5	A27G	0.0881	benign
Q8NGV5	A27H	0.1762	benign
Q8NGV5	A27I	0.1438	benign
Q8NGV5	A27K	0.1439	benign
Q8NGV5	A27L	0.1123	benign
Q8NGV5	A27M	0.1602	benign
Q8NGV5	A27N	0.1244	benign
Q8NGV5	A27P	0.0949	benign
Q8NGV5	A27Q	0.1412	benign
Q8NGV5	A27R	0.1248	benign
Q8NGV5	A27S	0.081	benign
Q8NGV5	A27T	0.0755	benign
Q8NGV5	A27V	0.0895	benign
Q8NGV5	A27W	0.2833	benign
Q8NGV5	A27Y	0.1651	benign
Q8NGV5	G28A	0.0806	benign
Q8NGV5	G28C	0.124	benign
Q8NGV5	G28D	0.0747	benign
Q8NGV5	G28E	0.0716	benign
Q8NGV5	G28F	0.2119	benign
Q8NGV5	G28H	0.1559	benign
Q8NGV5	G28I	0.1131	benign
Q8NGV5	G28K	0.1269	benign
Q8NGV5	G28L	0.1589	benign
Q8NGV5	G28M	0.2072	benign
Q8NGV5	G28N	0.1435	benign
Q8NGV5	G28P	0.2693	benign
Q8NGV5	G28Q	0.1355	benign
Q8NGV5	G28R	0.094	benign
Q8NGV5	G28S	0.0813	benign
Q8NGV5	G28T	0.0932	benign
Q8NGV5	G28V	0.0795	benign
Q8NGV5	G28W	0.1362	benign
Q8NGV5	G28Y	0.1562	benign
Q8NGV5	D29A	0.0939	benign
Q8NGV5	D29C	0.1986	benign
Q8NGV5	D29E	0.1172	benign
Q8NGV5	D29F	0.1578	benign
Q8NGV5	D29G	0.0887	benign
Q8NGV5	D29H	0.0916	benign
Q8NGV5	D29I	0.1083	benign
Q8NGV5	D29K	0.1439	benign
Q8NGV5	D29L	0.1169	benign
Q8NGV5	D29M	0.2776	benign
Q8NGV5	D29N	0.0781	benign
Q8NGV5	D29P	0.2189	benign
Q8NGV5	D29Q	0.145	benign
Q8NGV5	D29R	0.1196	benign
Q8NGV5	D29S	0.091	benign
Q8NGV5	D29T	0.1301	benign
Q8NGV5	D29V	0.0806	benign
Q8NGV5	D29W	0.4072	ambiguous
Q8NGV5	D29Y	0.0654	benign
Q8NGV5	L30A	0.0868	benign
Q8NGV5	L30C	0.2386	benign
Q8NGV5	L30D	0.166	benign
Q8NGV5	L30E	0.1012	benign
Q8NGV5	L30F	0.0826	benign
Q8NGV5	L30G	0.1523	benign
Q8NGV5	L30H	0.0964	benign
Q8NGV5	L30I	0.0716	benign
Q8NGV5	L30K	0.0856	benign
Q8NGV5	L30M	0.0849	benign
Q8NGV5	L30N	0.1333	benign
Q8NGV5	L30P	0.0849	benign
Q8NGV5	L30Q	0.0782	benign
Q8NGV5	L30R	0.0727	benign
Q8NGV5	L30S	0.0744	benign
Q8NGV5	L30T	0.0714	benign
Q8NGV5	L30V	0.0673	benign
Q8NGV5	L30W	0.1013	benign
Q8NGV5	L30Y	0.1575	benign
Q8NGV5	E31A	0.0988	benign
Q8NGV5	E31C	0.3822	ambiguous
Q8NGV5	E31D	0.1101	benign
Q8NGV5	E31F	0.2675	benign
Q8NGV5	E31G	0.0744	benign
Q8NGV5	E31H	0.1691	benign
Q8NGV5	E31I	0.1603	benign
Q8NGV5	E31K	0.0889	benign
Q8NGV5	E31L	0.142	benign
Q8NGV5	E31M	0.2464	benign
Q8NGV5	E31N	0.169	benign
Q8NGV5	E31P	0.1849	benign
Q8NGV5	E31Q	0.0804	benign
Q8NGV5	E31R	0.0958	benign
Q8NGV5	E31S	0.1258	benign
Q8NGV5	E31T	0.1375	benign
Q8NGV5	E31V	0.1101	benign
Q8NGV5	E31W	0.3787	ambiguous
Q8NGV5	E31Y	0.1986	benign
Q8NGV5	H32A	0.1046	benign
Q8NGV5	H32C	0.1135	benign
Q8NGV5	H32D	0.0662	benign
Q8NGV5	H32E	0.102	benign
Q8NGV5	H32F	0.1451	benign
Q8NGV5	H32G	0.1093	benign
Q8NGV5	H32I	0.1196	benign
Q8NGV5	H32K	0.0921	benign
Q8NGV5	H32L	0.0694	benign
Q8NGV5	H32M	0.193	benign
Q8NGV5	H32N	0.0599	benign
Q8NGV5	H32P	0.0729	benign
Q8NGV5	H32Q	0.0947	benign
Q8NGV5	H32R	0.0648	benign
Q8NGV5	H32S	0.0992	benign
Q8NGV5	H32T	0.103	benign
Q8NGV5	H32V	0.1014	benign
Q8NGV5	H32W	0.2156	benign
Q8NGV5	H32Y	0.0683	benign
Q8NGV5	M33A	0.2273	benign
Q8NGV5	M33C	0.5748	pathogenic
Q8NGV5	M33D	0.3625	ambiguous
Q8NGV5	M33E	0.1825	benign
Q8NGV5	M33F	0.273	benign
Q8NGV5	M33G	0.2597	benign
Q8NGV5	M33H	0.2996	benign
Q8NGV5	M33I	0.3303	benign
Q8NGV5	M33K	0.102	benign
Q8NGV5	M33L	0.1493	benign
Q8NGV5	M33N	0.3036	benign
Q8NGV5	M33P	0.2643	benign
Q8NGV5	M33Q	0.1431	benign
Q8NGV5	M33R	0.0849	benign
Q8NGV5	M33S	0.2207	benign
Q8NGV5	M33T	0.1159	benign
Q8NGV5	M33V	0.0872	benign
Q8NGV5	M33W	0.3493	ambiguous
Q8NGV5	M33Y	0.4226	ambiguous
Q8NGV5	E34A	0.109	benign
Q8NGV5	E34C	0.6177	pathogenic
Q8NGV5	E34D	0.1184	benign
Q8NGV5	E34F	0.425	ambiguous
Q8NGV5	E34G	0.0797	benign
Q8NGV5	E34H	0.2626	benign
Q8NGV5	E34I	0.2402	benign
Q8NGV5	E34K	0.1071	benign
Q8NGV5	E34L	0.2195	benign
Q8NGV5	E34M	0.3138	benign
Q8NGV5	E34N	0.2106	benign
Q8NGV5	E34P	0.2472	benign
Q8NGV5	E34Q	0.1053	benign
Q8NGV5	E34R	0.1314	benign
Q8NGV5	E34S	0.1743	benign
Q8NGV5	E34T	0.1783	benign
Q8NGV5	E34V	0.1381	benign
Q8NGV5	E34W	0.6065	pathogenic
Q8NGV5	E34Y	0.3087	benign
Q8NGV5	T35A	0.0729	benign
Q8NGV5	T35C	0.3301	benign
Q8NGV5	T35D	0.1429	benign
Q8NGV5	T35E	0.1028	benign
Q8NGV5	T35F	0.1296	benign
Q8NGV5	T35G	0.1308	benign
Q8NGV5	T35H	0.1382	benign
Q8NGV5	T35I	0.0928	benign
Q8NGV5	T35K	0.0795	benign
Q8NGV5	T35L	0.0813	benign
Q8NGV5	T35M	0.0738	benign
Q8NGV5	T35N	0.075	benign
Q8NGV5	T35P	0.078	benign
Q8NGV5	T35Q	0.1058	benign
Q8NGV5	T35R	0.0638	benign
Q8NGV5	T35S	0.094	benign
Q8NGV5	T35V	0.1066	benign
Q8NGV5	T35W	0.2387	benign
Q8NGV5	T35Y	0.1285	benign
Q8NGV5	R36A	0.1254	benign
Q8NGV5	R36C	0.1711	benign
Q8NGV5	R36D	0.1783	benign
Q8NGV5	R36E	0.1087	benign
Q8NGV5	R36F	0.2601	benign
Q8NGV5	R36G	0.0608	benign
Q8NGV5	R36H	0.1106	benign
Q8NGV5	R36I	0.106	benign
Q8NGV5	R36K	0.0836	benign
Q8NGV5	R36L	0.1256	benign
Q8NGV5	R36M	0.122	benign
Q8NGV5	R36N	0.206	benign
Q8NGV5	R36P	0.2124	benign
Q8NGV5	R36Q	0.0842	benign
Q8NGV5	R36S	0.1448	benign
Q8NGV5	R36T	0.0864	benign
Q8NGV5	R36V	0.1391	benign
Q8NGV5	R36W	0.1194	benign
Q8NGV5	R36Y	0.2035	benign
Q8NGV5	N37A	0.4233	ambiguous
Q8NGV5	N37C	0.5348	ambiguous
Q8NGV5	N37D	0.2776	benign
Q8NGV5	N37E	0.4516	ambiguous
Q8NGV5	N37F	0.6024	pathogenic
Q8NGV5	N37G	0.4304	ambiguous
Q8NGV5	N37H	0.2586	benign
Q8NGV5	N37I	0.2466	benign
Q8NGV5	N37K	0.3619	ambiguous
Q8NGV5	N37L	0.3749	ambiguous
Q8NGV5	N37M	0.477	ambiguous
Q8NGV5	N37P	0.5127	ambiguous
Q8NGV5	N37Q	0.5301	ambiguous
Q8NGV5	N37R	0.3698	ambiguous
Q8NGV5	N37S	0.1984	benign
Q8NGV5	N37T	0.2477	benign
Q8NGV5	N37V	0.331	benign
Q8NGV5	N37W	0.7773	pathogenic
Q8NGV5	N37Y	0.2144	benign
Q8NGV5	Y38A	0.1656	benign
Q8NGV5	Y38C	0.0792	benign
Q8NGV5	Y38D	0.0638	benign
Q8NGV5	Y38E	0.1847	benign
Q8NGV5	Y38F	0.0931	benign
Q8NGV5	Y38G	0.1382	benign
Q8NGV5	Y38H	0.0893	benign
Q8NGV5	Y38I	0.1612	benign
Q8NGV5	Y38K	0.1905	benign
Q8NGV5	Y38L	0.1806	benign
Q8NGV5	Y38M	0.3168	benign
Q8NGV5	Y38N	0.066	benign
Q8NGV5	Y38P	0.2886	benign
Q8NGV5	Y38Q	0.1663	benign
Q8NGV5	Y38R	0.127	benign
Q8NGV5	Y38S	0.0721	benign
Q8NGV5	Y38T	0.1401	benign
Q8NGV5	Y38V	0.1349	benign
Q8NGV5	Y38W	0.274	benign
Q8NGV5	S39A	0.1425	benign
Q8NGV5	S39C	0.209	benign
Q8NGV5	S39D	0.3785	ambiguous
Q8NGV5	S39E	0.479	ambiguous
Q8NGV5	S39F	0.2783	benign
Q8NGV5	S39G	0.1315	benign
Q8NGV5	S39H	0.3591	ambiguous
Q8NGV5	S39I	0.2802	benign
Q8NGV5	S39K	0.6077	pathogenic
Q8NGV5	S39L	0.1644	benign
Q8NGV5	S39M	0.3152	benign
Q8NGV5	S39N	0.2635	benign
Q8NGV5	S39P	0.1546	benign
Q8NGV5	S39Q	0.5742	pathogenic
Q8NGV5	S39R	0.4861	ambiguous
Q8NGV5	S39T	0.0673	benign
Q8NGV5	S39V	0.2864	benign
Q8NGV5	S39W	0.3169	benign
Q8NGV5	S39Y	0.2079	benign
Q8NGV5	A40C	0.33	benign
Q8NGV5	A40D	0.1233	benign
Q8NGV5	A40E	0.1265	benign
Q8NGV5	A40F	0.1497	benign
Q8NGV5	A40G	0.109	benign
Q8NGV5	A40H	0.2237	benign
Q8NGV5	A40I	0.1314	benign
Q8NGV5	A40K	0.2035	benign
Q8NGV5	A40L	0.1047	benign
Q8NGV5	A40M	0.1599	benign
Q8NGV5	A40N	0.1567	benign
Q8NGV5	A40P	0.1105	benign
Q8NGV5	A40Q	0.1817	benign
Q8NGV5	A40R	0.1586	benign
Q8NGV5	A40S	0.0852	benign
Q8NGV5	A40T	0.0719	benign
Q8NGV5	A40V	0.0845	benign
Q8NGV5	A40W	0.3758	ambiguous
Q8NGV5	A40Y	0.2097	benign
Q8NGV5	M41A	0.1631	benign
Q8NGV5	M41C	0.5802	pathogenic
Q8NGV5	M41D	0.361	ambiguous
Q8NGV5	M41E	0.1907	benign
Q8NGV5	M41F	0.2102	benign
Q8NGV5	M41G	0.2697	benign
Q8NGV5	M41H	0.3429	ambiguous
Q8NGV5	M41I	0.1474	benign
Q8NGV5	M41K	0.1161	benign
Q8NGV5	M41L	0.1085	benign
Q8NGV5	M41N	0.2502	benign
Q8NGV5	M41P	0.2204	benign
Q8NGV5	M41Q	0.1557	benign
Q8NGV5	M41R	0.1102	benign
Q8NGV5	M41S	0.2127	benign
Q8NGV5	M41T	0.1161	benign
Q8NGV5	M41V	0.043	benign
Q8NGV5	M41W	0.4856	ambiguous
Q8NGV5	M41Y	0.4087	ambiguous
Q8NGV5	T42A	0.0887	benign
Q8NGV5	T42C	0.5025	ambiguous
Q8NGV5	T42D	0.2321	benign
Q8NGV5	T42E	0.1646	benign
Q8NGV5	T42F	0.2671	benign
Q8NGV5	T42G	0.1998	benign
Q8NGV5	T42H	0.202	benign
Q8NGV5	T42I	0.1841	benign
Q8NGV5	T42K	0.1137	benign
Q8NGV5	T42L	0.117	benign
Q8NGV5	T42M	0.0963	benign
Q8NGV5	T42N	0.1107	benign
Q8NGV5	T42P	0.0939	benign
Q8NGV5	T42Q	0.1508	benign
Q8NGV5	T42R	0.0856	benign
Q8NGV5	T42S	0.1188	benign
Q8NGV5	T42V	0.1698	benign
Q8NGV5	T42W	0.4438	ambiguous
Q8NGV5	T42Y	0.2345	benign
Q8NGV5	E43A	0.1727	benign
Q8NGV5	E43C	0.786	pathogenic
Q8NGV5	E43D	0.1811	benign
Q8NGV5	E43F	0.6172	pathogenic
Q8NGV5	E43G	0.1478	benign
Q8NGV5	E43H	0.3586	ambiguous
Q8NGV5	E43I	0.3443	ambiguous
Q8NGV5	E43K	0.1364	benign
Q8NGV5	E43L	0.4128	ambiguous
Q8NGV5	E43M	0.4587	ambiguous
Q8NGV5	E43N	0.3124	benign
Q8NGV5	E43P	0.6297	pathogenic
Q8NGV5	E43Q	0.1311	benign
Q8NGV5	E43R	0.1869	benign
Q8NGV5	E43S	0.2231	benign
Q8NGV5	E43T	0.2275	benign
Q8NGV5	E43V	0.1999	benign
Q8NGV5	E43W	0.783	pathogenic
Q8NGV5	E43Y	0.4283	ambiguous
Q8NGV5	F44A	0.7428	pathogenic
Q8NGV5	F44C	0.5468	ambiguous
Q8NGV5	F44D	0.7027	pathogenic
Q8NGV5	F44E	0.8184	pathogenic
Q8NGV5	F44G	0.7859	pathogenic
Q8NGV5	F44H	0.7498	pathogenic
Q8NGV5	F44I	0.2076	benign
Q8NGV5	F44K	0.7926	pathogenic
Q8NGV5	F44L	0.8937	pathogenic
Q8NGV5	F44M	0.726	pathogenic
Q8NGV5	F44N	0.5936	pathogenic
Q8NGV5	F44P	0.94	pathogenic
Q8NGV5	F44Q	0.8565	pathogenic
Q8NGV5	F44R	0.7368	pathogenic
Q8NGV5	F44S	0.6179	pathogenic
Q8NGV5	F44T	0.6765	pathogenic
Q8NGV5	F44V	0.2923	benign
Q8NGV5	F44W	0.6576	pathogenic
Q8NGV5	F44Y	0.195	benign
Q8NGV5	F45A	0.3602	ambiguous
Q8NGV5	F45C	0.2002	benign
Q8NGV5	F45D	0.4041	ambiguous
Q8NGV5	F45E	0.5079	ambiguous
Q8NGV5	F45G	0.5866	pathogenic
Q8NGV5	F45H	0.2793	benign
Q8NGV5	F45I	0.0686	benign
Q8NGV5	F45K	0.4541	ambiguous
Q8NGV5	F45L	0.4095	ambiguous
Q8NGV5	F45M	0.3567	ambiguous
Q8NGV5	F45N	0.3219	benign
Q8NGV5	F45P	0.712	pathogenic
Q8NGV5	F45Q	0.4122	ambiguous
Q8NGV5	F45R	0.2945	benign
Q8NGV5	F45S	0.1705	benign
Q8NGV5	F45T	0.2457	benign
Q8NGV5	F45V	0.0937	benign
Q8NGV5	F45W	0.3962	ambiguous
Q8NGV5	F45Y	0.1239	benign
Q8NGV5	L46A	0.4596	ambiguous
Q8NGV5	L46C	0.693	pathogenic
Q8NGV5	L46D	0.8369	pathogenic
Q8NGV5	L46E	0.6176	pathogenic
Q8NGV5	L46F	0.1365	benign
Q8NGV5	L46G	0.7258	pathogenic
Q8NGV5	L46H	0.36	ambiguous
Q8NGV5	L46I	0.1298	benign
Q8NGV5	L46K	0.4536	ambiguous
Q8NGV5	L46M	0.1924	benign
Q8NGV5	L46N	0.6937	pathogenic
Q8NGV5	L46P	0.2358	benign
Q8NGV5	L46Q	0.3459	ambiguous
Q8NGV5	L46R	0.317	benign
Q8NGV5	L46S	0.5097	ambiguous
Q8NGV5	L46T	0.3802	ambiguous
Q8NGV5	L46V	0.1643	benign
Q8NGV5	L46W	0.2793	benign
Q8NGV5	L46Y	0.5095	ambiguous
Q8NGV5	V47A	0.0962	benign
Q8NGV5	V47C	0.6164	pathogenic
Q8NGV5	V47D	0.1762	benign
Q8NGV5	V47E	0.1389	benign
Q8NGV5	V47F	0.1188	benign
Q8NGV5	V47G	0.1382	benign
Q8NGV5	V47H	0.3219	benign
Q8NGV5	V47I	0.0939	benign
Q8NGV5	V47K	0.1466	benign
Q8NGV5	V47L	0.113	benign
Q8NGV5	V47M	0.1242	benign
Q8NGV5	V47N	0.2046	benign
Q8NGV5	V47P	0.3137	benign
Q8NGV5	V47Q	0.1551	benign
Q8NGV5	V47R	0.1204	benign
Q8NGV5	V47S	0.1352	benign
Q8NGV5	V47T	0.1185	benign
Q8NGV5	V47W	0.5292	ambiguous
Q8NGV5	V47Y	0.356	ambiguous
Q8NGV5	G48A	0.2524	benign
Q8NGV5	G48C	0.3736	ambiguous
Q8NGV5	G48D	0.4101	ambiguous
Q8NGV5	G48E	0.4431	ambiguous
Q8NGV5	G48F	0.6546	pathogenic
Q8NGV5	G48H	0.658	pathogenic
Q8NGV5	G48I	0.4309	ambiguous
Q8NGV5	G48K	0.7027	pathogenic
Q8NGV5	G48L	0.6222	pathogenic
Q8NGV5	G48M	0.7148	pathogenic
Q8NGV5	G48N	0.6685	pathogenic
Q8NGV5	G48P	0.7808	pathogenic
Q8NGV5	G48Q	0.6306	pathogenic
Q8NGV5	G48R	0.4846	ambiguous
Q8NGV5	G48S	0.2131	benign
Q8NGV5	G48T	0.4014	ambiguous
Q8NGV5	G48V	0.2997	benign
Q8NGV5	G48W	0.4658	ambiguous
Q8NGV5	G48Y	0.5831	pathogenic
Q8NGV5	L49A	0.4541	ambiguous
Q8NGV5	L49C	0.6129	pathogenic
Q8NGV5	L49D	0.7185	pathogenic
Q8NGV5	L49E	0.5431	ambiguous
Q8NGV5	L49F	0.091	benign
Q8NGV5	L49G	0.6399	pathogenic
Q8NGV5	L49H	0.3248	benign
Q8NGV5	L49I	0.1101	benign
Q8NGV5	L49K	0.3723	ambiguous
Q8NGV5	L49M	0.1692	benign
Q8NGV5	L49N	0.5387	ambiguous
Q8NGV5	L49P	0.2803	benign
Q8NGV5	L49Q	0.2936	benign
Q8NGV5	L49R	0.2735	benign
Q8NGV5	L49S	0.4793	ambiguous
Q8NGV5	L49T	0.424	ambiguous
Q8NGV5	L49V	0.142	benign
Q8NGV5	L49W	0.2124	benign
Q8NGV5	L49Y	0.3442	ambiguous
Q8NGV5	S50A	0.1262	benign
Q8NGV5	S50C	0.1662	benign
Q8NGV5	S50D	0.4428	ambiguous
Q8NGV5	S50E	0.4792	ambiguous
Q8NGV5	S50F	0.2279	benign
Q8NGV5	S50G	0.1523	benign
Q8NGV5	S50H	0.333	benign
Q8NGV5	S50I	0.2738	benign
Q8NGV5	S50K	0.6079	pathogenic
Q8NGV5	S50L	0.1486	benign
Q8NGV5	S50M	0.3388	benign
Q8NGV5	S50N	0.2883	benign
Q8NGV5	S50P	0.1291	benign
Q8NGV5	S50Q	0.4547	ambiguous
Q8NGV5	S50R	0.4673	ambiguous
Q8NGV5	S50T	0.1242	benign
Q8NGV5	S50V	0.2798	benign
Q8NGV5	S50W	0.2335	benign
Q8NGV5	S50Y	0.1682	benign
Q8NGV5	Q51A	0.1358	benign
Q8NGV5	Q51C	0.4459	ambiguous
Q8NGV5	Q51D	0.1676	benign
Q8NGV5	Q51E	0.0694	benign
Q8NGV5	Q51F	0.4473	ambiguous
Q8NGV5	Q51G	0.1378	benign
Q8NGV5	Q51H	0.1413	benign
Q8NGV5	Q51I	0.2207	benign
Q8NGV5	Q51K	0.063	benign
Q8NGV5	Q51L	0.1132	benign
Q8NGV5	Q51M	0.2796	benign
Q8NGV5	Q51N	0.1525	benign
Q8NGV5	Q51P	0.0901	benign
Q8NGV5	Q51R	0.067	benign
Q8NGV5	Q51S	0.1292	benign
Q8NGV5	Q51T	0.1235	benign
Q8NGV5	Q51V	0.1636	benign
Q8NGV5	Q51W	0.3136	benign
Q8NGV5	Q51Y	0.2726	benign
Q8NGV5	Y52A	0.4428	ambiguous
Q8NGV5	Y52C	0.1901	benign
Q8NGV5	Y52D	0.1668	benign
Q8NGV5	Y52E	0.4535	ambiguous
Q8NGV5	Y52F	0.1277	benign
Q8NGV5	Y52G	0.4227	ambiguous
Q8NGV5	Y52H	0.1391	benign
Q8NGV5	Y52I	0.3165	benign
Q8NGV5	Y52K	0.376	ambiguous
Q8NGV5	Y52L	0.3481	ambiguous
Q8NGV5	Y52M	0.5098	ambiguous
Q8NGV5	Y52N	0.1342	benign
Q8NGV5	Y52P	0.5588	ambiguous
Q8NGV5	Y52Q	0.3339	benign
Q8NGV5	Y52R	0.3027	benign
Q8NGV5	Y52S	0.1816	benign
Q8NGV5	Y52T	0.3762	ambiguous
Q8NGV5	Y52V	0.2909	benign
Q8NGV5	Y52W	0.3927	ambiguous
Q8NGV5	P53A	0.1515	benign
Q8NGV5	P53C	0.5554	ambiguous
Q8NGV5	P53D	0.4337	ambiguous
Q8NGV5	P53E	0.2687	benign
Q8NGV5	P53F	0.5168	ambiguous
Q8NGV5	P53G	0.3576	ambiguous
Q8NGV5	P53H	0.1806	benign
Q8NGV5	P53I	0.3625	ambiguous
Q8NGV5	P53K	0.1991	benign
Q8NGV5	P53L	0.1514	benign
Q8NGV5	P53M	0.3863	ambiguous
Q8NGV5	P53N	0.3859	ambiguous
Q8NGV5	P53Q	0.1621	benign
Q8NGV5	P53R	0.1262	benign
Q8NGV5	P53S	0.1752	benign
Q8NGV5	P53T	0.1364	benign
Q8NGV5	P53V	0.285	benign
Q8NGV5	P53W	0.4755	ambiguous
Q8NGV5	P53Y	0.4188	ambiguous
Q8NGV5	E54A	0.1143	benign
Q8NGV5	E54C	0.632	pathogenic
Q8NGV5	E54D	0.1241	benign
Q8NGV5	E54F	0.3929	ambiguous
Q8NGV5	E54G	0.1037	benign
Q8NGV5	E54H	0.2065	benign
Q8NGV5	E54I	0.2093	benign
Q8NGV5	E54K	0.0856	benign
Q8NGV5	E54L	0.2266	benign
Q8NGV5	E54M	0.3017	benign
Q8NGV5	E54N	0.1908	benign
Q8NGV5	E54P	0.3413	ambiguous
Q8NGV5	E54Q	0.0874	benign
Q8NGV5	E54R	0.1086	benign
Q8NGV5	E54S	0.1473	benign
Q8NGV5	E54T	0.1763	benign
Q8NGV5	E54V	0.1299	benign
Q8NGV5	E54W	0.5671	pathogenic
Q8NGV5	E54Y	0.2774	benign
Q8NGV5	L55A	0.2736	benign
Q8NGV5	L55C	0.5266	ambiguous
Q8NGV5	L55D	0.4941	ambiguous
Q8NGV5	L55E	0.3019	benign
Q8NGV5	L55F	0.1359	benign
Q8NGV5	L55G	0.3973	ambiguous
Q8NGV5	L55H	0.2319	benign
Q8NGV5	L55I	0.1088	benign
Q8NGV5	L55K	0.2	benign
Q8NGV5	L55M	0.1281	benign
Q8NGV5	L55N	0.3197	benign
Q8NGV5	L55P	0.3082	benign
Q8NGV5	L55Q	0.164	benign
Q8NGV5	L55R	0.1718	benign
Q8NGV5	L55S	0.277	benign
Q8NGV5	L55T	0.2254	benign
Q8NGV5	L55V	0.1144	benign
Q8NGV5	L55W	0.1818	benign
Q8NGV5	L55Y	0.2762	benign
Q8NGV5	Q56A	0.3608	ambiguous
Q8NGV5	Q56C	0.7213	pathogenic
Q8NGV5	Q56D	0.4902	ambiguous
Q8NGV5	Q56E	0.0949	benign
Q8NGV5	Q56F	0.7476	pathogenic
Q8NGV5	Q56G	0.333	benign
Q8NGV5	Q56H	0.3035	benign
Q8NGV5	Q56I	0.5023	ambiguous
Q8NGV5	Q56K	0.1244	benign
Q8NGV5	Q56L	0.2274	benign
Q8NGV5	Q56M	0.5457	ambiguous
Q8NGV5	Q56N	0.4046	ambiguous
Q8NGV5	Q56P	0.188	benign
Q8NGV5	Q56R	0.1147	benign
Q8NGV5	Q56S	0.3238	benign
Q8NGV5	Q56T	0.3422	ambiguous
Q8NGV5	Q56V	0.3799	ambiguous
Q8NGV5	Q56W	0.5651	pathogenic
Q8NGV5	Q56Y	0.5017	ambiguous
Q8NGV5	L57A	0.176	benign
Q8NGV5	L57C	0.2962	benign
Q8NGV5	L57D	0.2789	benign
Q8NGV5	L57E	0.2338	benign
Q8NGV5	L57F	0.0985	benign
Q8NGV5	L57G	0.2367	benign
Q8NGV5	L57H	0.1271	benign
Q8NGV5	L57I	0.0769	benign
Q8NGV5	L57K	0.1319	benign
Q8NGV5	L57M	0.1132	benign
Q8NGV5	L57N	0.1594	benign
Q8NGV5	L57P	0.1087	benign
Q8NGV5	L57Q	0.1193	benign
Q8NGV5	L57R	0.1012	benign
Q8NGV5	L57S	0.159	benign
Q8NGV5	L57T	0.1389	benign
Q8NGV5	L57V	0.0833	benign
Q8NGV5	L57W	0.131	benign
Q8NGV5	L57Y	0.1638	benign
Q8NGV5	F58A	0.1411	benign
Q8NGV5	F58C	0.0897	benign
Q8NGV5	F58D	0.2913	benign
Q8NGV5	F58E	0.4096	ambiguous
Q8NGV5	F58G	0.2217	benign
Q8NGV5	F58H	0.2477	benign
Q8NGV5	F58I	0.0643	benign
Q8NGV5	F58K	0.3724	ambiguous
Q8NGV5	F58L	0.2494	benign
Q8NGV5	F58M	0.2205	benign
Q8NGV5	F58N	0.2027	benign
Q8NGV5	F58P	0.1846	benign
Q8NGV5	F58Q	0.3241	benign
Q8NGV5	F58R	0.2853	benign
Q8NGV5	F58S	0.088	benign
Q8NGV5	F58T	0.14	benign
Q8NGV5	F58V	0.0783	benign
Q8NGV5	F58W	0.2097	benign
Q8NGV5	F58Y	0.1108	benign
Q8NGV5	L59A	0.4285	ambiguous
Q8NGV5	L59C	0.4833	ambiguous
Q8NGV5	L59D	0.7565	pathogenic
Q8NGV5	L59E	0.6305	pathogenic
Q8NGV5	L59F	0.1194	benign
Q8NGV5	L59G	0.5802	pathogenic
Q8NGV5	L59H	0.3177	benign
Q8NGV5	L59I	0.1246	benign
Q8NGV5	L59K	0.5082	ambiguous
Q8NGV5	L59M	0.2121	benign
Q8NGV5	L59N	0.486	ambiguous
Q8NGV5	L59P	0.2834	benign
Q8NGV5	L59Q	0.3242	benign
Q8NGV5	L59R	0.3431	ambiguous
Q8NGV5	L59S	0.3358	benign
Q8NGV5	L59T	0.3681	ambiguous
Q8NGV5	L59V	0.1534	benign
Q8NGV5	L59W	0.244	benign
Q8NGV5	L59Y	0.363	ambiguous
Q8NGV5	F60A	0.3224	benign
Q8NGV5	F60C	0.2073	benign
Q8NGV5	F60D	0.5666	pathogenic
Q8NGV5	F60E	0.7116	pathogenic
Q8NGV5	F60G	0.4315	ambiguous
Q8NGV5	F60H	0.4384	ambiguous
Q8NGV5	F60I	0.1501	benign
Q8NGV5	F60K	0.6291	pathogenic
Q8NGV5	F60L	0.6037	pathogenic
Q8NGV5	F60M	0.4867	ambiguous
Q8NGV5	F60N	0.4058	ambiguous
Q8NGV5	F60P	0.5547	ambiguous
Q8NGV5	F60Q	0.5893	pathogenic
Q8NGV5	F60R	0.4948	ambiguous
Q8NGV5	F60S	0.1654	benign
Q8NGV5	F60T	0.3414	ambiguous
Q8NGV5	F60V	0.1745	benign
Q8NGV5	F60W	0.3876	ambiguous
Q8NGV5	F60Y	0.1544	benign
Q8NGV5	L61A	0.1514	benign
Q8NGV5	L61C	0.2465	benign
Q8NGV5	L61D	0.4818	ambiguous
Q8NGV5	L61E	0.3625	ambiguous
Q8NGV5	L61F	0.0887	benign
Q8NGV5	L61G	0.2187	benign
Q8NGV5	L61H	0.1969	benign
Q8NGV5	L61I	0.0838	benign
Q8NGV5	L61K	0.2742	benign
Q8NGV5	L61M	0.1115	benign
Q8NGV5	L61N	0.2481	benign
Q8NGV5	L61P	0.1139	benign
Q8NGV5	L61Q	0.1718	benign
Q8NGV5	L61R	0.2041	benign
Q8NGV5	L61S	0.1119	benign
Q8NGV5	L61T	0.126	benign
Q8NGV5	L61V	0.0894	benign
Q8NGV5	L61W	0.1324	benign
Q8NGV5	L61Y	0.2316	benign
Q8NGV5	L62A	0.1991	benign
Q8NGV5	L62C	0.2777	benign
Q8NGV5	L62D	0.5731	pathogenic
Q8NGV5	L62E	0.4102	ambiguous
Q8NGV5	L62F	0.0926	benign
Q8NGV5	L62G	0.3173	benign
Q8NGV5	L62H	0.2494	benign
Q8NGV5	L62I	0.0932	benign
Q8NGV5	L62K	0.356	ambiguous
Q8NGV5	L62M	0.1417	benign
Q8NGV5	L62N	0.33	benign
Q8NGV5	L62P	0.1449	benign
Q8NGV5	L62Q	0.2089	benign
Q8NGV5	L62R	0.2767	benign
Q8NGV5	L62S	0.1832	benign
Q8NGV5	L62T	0.1765	benign
Q8NGV5	L62V	0.1073	benign
Q8NGV5	L62W	0.1602	benign
Q8NGV5	L62Y	0.3015	benign
Q8NGV5	C63A	0.3545	ambiguous
Q8NGV5	C63D	0.5426	ambiguous
Q8NGV5	C63E	0.7578	pathogenic
Q8NGV5	C63F	0.0908	benign
Q8NGV5	C63G	0.1486	benign
Q8NGV5	C63H	0.4102	ambiguous
Q8NGV5	C63I	0.2808	benign
Q8NGV5	C63K	0.7654	pathogenic
Q8NGV5	C63L	0.2337	benign
Q8NGV5	C63M	0.542	ambiguous
Q8NGV5	C63N	0.4143	ambiguous
Q8NGV5	C63P	0.4901	ambiguous
Q8NGV5	C63Q	0.6167	pathogenic
Q8NGV5	C63R	0.4477	ambiguous
Q8NGV5	C63S	0.1967	benign
Q8NGV5	C63T	0.3844	ambiguous
Q8NGV5	C63V	0.3055	benign
Q8NGV5	C63W	0.2967	benign
Q8NGV5	C63Y	0.1654	benign
Q8NGV5	L64A	0.1992	benign
Q8NGV5	L64C	0.3275	benign
Q8NGV5	L64D	0.6379	pathogenic
Q8NGV5	L64E	0.404	ambiguous
Q8NGV5	L64F	0.0831	benign
Q8NGV5	L64G	0.3266	benign
Q8NGV5	L64H	0.2391	benign
Q8NGV5	L64I	0.1017	benign
Q8NGV5	L64K	0.3358	benign
Q8NGV5	L64M	0.1096	benign
Q8NGV5	L64N	0.3351	benign
Q8NGV5	L64P	0.2945	benign
Q8NGV5	L64Q	0.1802	benign
Q8NGV5	L64R	0.2603	benign
Q8NGV5	L64S	0.1491	benign
Q8NGV5	L64T	0.173	benign
Q8NGV5	L64V	0.1029	benign
Q8NGV5	L64W	0.1803	benign
Q8NGV5	L64Y	0.3349	benign
Q8NGV5	I65A	0.1432	benign
Q8NGV5	I65C	0.295	benign
Q8NGV5	I65D	0.4384	ambiguous
Q8NGV5	I65E	0.4038	ambiguous
Q8NGV5	I65F	0.0778	benign
Q8NGV5	I65G	0.2319	benign
Q8NGV5	I65H	0.3219	benign
Q8NGV5	I65K	0.2536	benign
Q8NGV5	I65L	0.0632	benign
Q8NGV5	I65M	0.0742	benign
Q8NGV5	I65N	0.1262	benign
Q8NGV5	I65P	0.281	benign
Q8NGV5	I65Q	0.2741	benign
Q8NGV5	I65R	0.1954	benign
Q8NGV5	I65S	0.1097	benign
Q8NGV5	I65T	0.1061	benign
Q8NGV5	I65V	0.0816	benign
Q8NGV5	I65W	0.4526	ambiguous
Q8NGV5	I65Y	0.2984	benign
Q8NGV5	M66A	0.2545	benign
Q8NGV5	M66C	0.5544	ambiguous
Q8NGV5	M66D	0.6536	pathogenic
Q8NGV5	M66E	0.4111	ambiguous
Q8NGV5	M66F	0.2582	benign
Q8NGV5	M66G	0.3684	ambiguous
Q8NGV5	M66H	0.5105	ambiguous
Q8NGV5	M66I	0.2642	benign
Q8NGV5	M66K	0.1962	benign
Q8NGV5	M66L	0.1114	benign
Q8NGV5	M66N	0.3605	ambiguous
Q8NGV5	M66P	0.3258	benign
Q8NGV5	M66Q	0.2727	benign
Q8NGV5	M66R	0.2005	benign
Q8NGV5	M66S	0.2373	benign
Q8NGV5	M66T	0.0932	benign
Q8NGV5	M66V	0.0909	benign
Q8NGV5	M66W	0.5169	ambiguous
Q8NGV5	M66Y	0.5799	pathogenic
Q8NGV5	Y67A	0.5118	ambiguous
Q8NGV5	Y67C	0.1805	benign
Q8NGV5	Y67D	0.2178	benign
Q8NGV5	Y67E	0.6303	pathogenic
Q8NGV5	Y67F	0.1592	benign
Q8NGV5	Y67G	0.3636	ambiguous
Q8NGV5	Y67H	0.2869	benign
Q8NGV5	Y67I	0.5508	ambiguous
Q8NGV5	Y67K	0.6626	pathogenic
Q8NGV5	Y67L	0.4224	ambiguous
Q8NGV5	Y67M	0.6573	pathogenic
Q8NGV5	Y67N	0.1685	benign
Q8NGV5	Y67P	0.5609	ambiguous
Q8NGV5	Y67Q	0.6166	pathogenic
Q8NGV5	Y67R	0.577	pathogenic
Q8NGV5	Y67S	0.2411	benign
Q8NGV5	Y67T	0.5165	ambiguous
Q8NGV5	Y67V	0.451	ambiguous
Q8NGV5	Y67W	0.4566	ambiguous
Q8NGV5	M68A	0.1538	benign
Q8NGV5	M68C	0.3624	ambiguous
Q8NGV5	M68D	0.552	ambiguous
Q8NGV5	M68E	0.3434	ambiguous
Q8NGV5	M68F	0.1841	benign
Q8NGV5	M68G	0.2106	benign
Q8NGV5	M68H	0.4583	ambiguous
Q8NGV5	M68I	0.1299	benign
Q8NGV5	M68K	0.2423	benign
Q8NGV5	M68L	0.0764	benign
Q8NGV5	M68N	0.2835	benign
Q8NGV5	M68P	0.398	ambiguous
Q8NGV5	M68Q	0.2632	benign
Q8NGV5	M68R	0.2529	benign
Q8NGV5	M68S	0.1702	benign
Q8NGV5	M68T	0.0857	benign
Q8NGV5	M68V	0.0632	benign
Q8NGV5	M68W	0.4121	ambiguous
Q8NGV5	M68Y	0.4489	ambiguous
Q8NGV5	I69A	0.1753	benign
Q8NGV5	I69C	0.3879	ambiguous
Q8NGV5	I69D	0.3737	ambiguous
Q8NGV5	I69E	0.3718	ambiguous
Q8NGV5	I69F	0.0936	benign
Q8NGV5	I69G	0.2719	benign
Q8NGV5	I69H	0.378	ambiguous
Q8NGV5	I69K	0.2637	benign
Q8NGV5	I69L	0.0841	benign
Q8NGV5	I69M	0.0813	benign
Q8NGV5	I69N	0.1098	benign
Q8NGV5	I69P	0.3974	ambiguous
Q8NGV5	I69Q	0.3218	benign
Q8NGV5	I69R	0.2103	benign
Q8NGV5	I69S	0.134	benign
Q8NGV5	I69T	0.1283	benign
Q8NGV5	I69V	0.0781	benign
Q8NGV5	I69W	0.5134	ambiguous
Q8NGV5	I69Y	0.3256	benign
Q8NGV5	I70A	0.2782	benign
Q8NGV5	I70C	0.5368	ambiguous
Q8NGV5	I70D	0.4444	ambiguous
Q8NGV5	I70E	0.5593	ambiguous
Q8NGV5	I70F	0.1251	benign
Q8NGV5	I70G	0.4932	ambiguous
Q8NGV5	I70H	0.3405	ambiguous
Q8NGV5	I70K	0.3601	ambiguous
Q8NGV5	I70L	0.1402	benign
Q8NGV5	I70M	0.1345	benign
Q8NGV5	I70N	0.1184	benign
Q8NGV5	I70P	0.4264	ambiguous
Q8NGV5	I70Q	0.4151	ambiguous
Q8NGV5	I70R	0.2464	benign
Q8NGV5	I70S	0.1405	benign
Q8NGV5	I70T	0.1502	benign
Q8NGV5	I70V	0.1185	benign
Q8NGV5	I70W	0.7031	pathogenic
Q8NGV5	I70Y	0.3784	ambiguous
Q8NGV5	L71A	0.317	benign
Q8NGV5	L71C	0.4472	ambiguous
Q8NGV5	L71D	0.695	pathogenic
Q8NGV5	L71E	0.4991	ambiguous
Q8NGV5	L71F	0.1083	benign
Q8NGV5	L71G	0.5011	ambiguous
Q8NGV5	L71H	0.2746	benign
Q8NGV5	L71I	0.0913	benign
Q8NGV5	L71K	0.3981	ambiguous
Q8NGV5	L71M	0.1563	benign
Q8NGV5	L71N	0.4294	ambiguous
Q8NGV5	L71P	0.2384	benign
Q8NGV5	L71Q	0.2331	benign
Q8NGV5	L71R	0.2765	benign
Q8NGV5	L71S	0.2675	benign
Q8NGV5	L71T	0.2571	benign
Q8NGV5	L71V	0.1097	benign
Q8NGV5	L71W	0.236	benign
Q8NGV5	L71Y	0.3845	ambiguous
Q8NGV5	L72A	0.1174	benign
Q8NGV5	L72C	0.2902	benign
Q8NGV5	L72D	0.5146	ambiguous
Q8NGV5	L72E	0.3253	benign
Q8NGV5	L72F	0.0964	benign
Q8NGV5	L72G	0.2437	benign
Q8NGV5	L72H	0.2147	benign
Q8NGV5	L72I	0.1062	benign
Q8NGV5	L72K	0.2894	benign
Q8NGV5	L72M	0.1178	benign
Q8NGV5	L72N	0.3391	benign
Q8NGV5	L72P	0.1498	benign
Q8NGV5	L72Q	0.1747	benign
Q8NGV5	L72R	0.2139	benign
Q8NGV5	L72S	0.1273	benign
Q8NGV5	L72T	0.1021	benign
Q8NGV5	L72V	0.1034	benign
Q8NGV5	L72W	0.1346	benign
Q8NGV5	L72Y	0.3079	benign
Q8NGV5	G73A	0.1728	benign
Q8NGV5	G73C	0.1888	benign
Q8NGV5	G73D	0.2162	benign
Q8NGV5	G73E	0.1694	benign
Q8NGV5	G73F	0.4746	ambiguous
Q8NGV5	G73H	0.4135	ambiguous
Q8NGV5	G73I	0.3079	benign
Q8NGV5	G73K	0.3604	ambiguous
Q8NGV5	G73L	0.4033	ambiguous
Q8NGV5	G73M	0.4726	ambiguous
Q8NGV5	G73N	0.3897	ambiguous
Q8NGV5	G73P	0.6837	pathogenic
Q8NGV5	G73Q	0.2856	benign
Q8NGV5	G73R	0.222	benign
Q8NGV5	G73S	0.1243	benign
Q8NGV5	G73T	0.24	benign
Q8NGV5	G73V	0.2154	benign
Q8NGV5	G73W	0.1986	benign
Q8NGV5	G73Y	0.3626	ambiguous
Q8NGV5	N74A	0.4993	ambiguous
Q8NGV5	N74C	0.3753	ambiguous
Q8NGV5	N74D	0.2387	benign
Q8NGV5	N74E	0.6162	pathogenic
Q8NGV5	N74F	0.5972	pathogenic
Q8NGV5	N74G	0.4691	ambiguous
Q8NGV5	N74H	0.2074	benign
Q8NGV5	N74I	0.2704	benign
Q8NGV5	N74K	0.3508	ambiguous
Q8NGV5	N74L	0.4333	ambiguous
Q8NGV5	N74M	0.5131	ambiguous
Q8NGV5	N74P	0.6961	pathogenic
Q8NGV5	N74Q	0.5906	pathogenic
Q8NGV5	N74R	0.3964	ambiguous
Q8NGV5	N74S	0.1356	benign
Q8NGV5	N74T	0.2997	benign
Q8NGV5	N74V	0.372	ambiguous
Q8NGV5	N74W	0.8	pathogenic
Q8NGV5	N74Y	0.1916	benign
Q8NGV5	S75A	0.0994	benign
Q8NGV5	S75C	0.0766	benign
Q8NGV5	S75D	0.4721	ambiguous
Q8NGV5	S75E	0.6075	pathogenic
Q8NGV5	S75F	0.135	benign
Q8NGV5	S75G	0.0684	benign
Q8NGV5	S75H	0.3862	ambiguous
Q8NGV5	S75I	0.0863	benign
Q8NGV5	S75K	0.669	pathogenic
Q8NGV5	S75L	0.1026	benign
Q8NGV5	S75M	0.1737	benign
Q8NGV5	S75N	0.1872	benign
Q8NGV5	S75P	0.2796	benign
Q8NGV5	S75Q	0.5733	pathogenic
Q8NGV5	S75R	0.5288	ambiguous
Q8NGV5	S75T	0.083	benign
Q8NGV5	S75V	0.1373	benign
Q8NGV5	S75W	0.2123	benign
Q8NGV5	S75Y	0.155	benign
Q8NGV5	L76A	0.1772	benign
Q8NGV5	L76C	0.2889	benign
Q8NGV5	L76D	0.5318	ambiguous
Q8NGV5	L76E	0.3992	ambiguous
Q8NGV5	L76F	0.0828	benign
Q8NGV5	L76G	0.3048	benign
Q8NGV5	L76H	0.209	benign
Q8NGV5	L76I	0.0847	benign
Q8NGV5	L76K	0.2897	benign
Q8NGV5	L76M	0.1148	benign
Q8NGV5	L76N	0.2792	benign
Q8NGV5	L76P	0.2267	benign
Q8NGV5	L76Q	0.1916	benign
Q8NGV5	L76R	0.2228	benign
Q8NGV5	L76S	0.1433	benign
Q8NGV5	L76T	0.142	benign
Q8NGV5	L76V	0.0958	benign
Q8NGV5	L76W	0.1706	benign
Q8NGV5	L76Y	0.2623	benign
Q8NGV5	L77A	0.3523	ambiguous
Q8NGV5	L77C	0.4816	ambiguous
Q8NGV5	L77D	0.6244	pathogenic
Q8NGV5	L77E	0.4228	ambiguous
Q8NGV5	L77F	0.1334	benign
Q8NGV5	L77G	0.5056	ambiguous
Q8NGV5	L77H	0.2458	benign
Q8NGV5	L77I	0.1021	benign
Q8NGV5	L77K	0.305	benign
Q8NGV5	L77M	0.1518	benign
Q8NGV5	L77N	0.3868	ambiguous
Q8NGV5	L77P	0.1944	benign
Q8NGV5	L77Q	0.209	benign
Q8NGV5	L77R	0.241	benign
Q8NGV5	L77S	0.3169	benign
Q8NGV5	L77T	0.2915	benign
Q8NGV5	L77V	0.1326	benign
Q8NGV5	L77W	0.2483	benign
Q8NGV5	L77Y	0.4174	ambiguous
Q8NGV5	I78A	0.3458	ambiguous
Q8NGV5	I78C	0.4956	ambiguous
Q8NGV5	I78D	0.5867	pathogenic
Q8NGV5	I78E	0.5607	ambiguous
Q8NGV5	I78F	0.1126	benign
Q8NGV5	I78G	0.4847	ambiguous
Q8NGV5	I78H	0.3869	ambiguous
Q8NGV5	I78K	0.3247	benign
Q8NGV5	I78L	0.0855	benign
Q8NGV5	I78M	0.0922	benign
Q8NGV5	I78N	0.1906	benign
Q8NGV5	I78P	0.4996	ambiguous
Q8NGV5	I78Q	0.3682	ambiguous
Q8NGV5	I78R	0.2305	benign
Q8NGV5	I78S	0.2375	benign
Q8NGV5	I78T	0.2233	benign
Q8NGV5	I78V	0.1125	benign
Q8NGV5	I78W	0.5129	ambiguous
Q8NGV5	I78Y	0.3701	ambiguous
Q8NGV5	I79A	0.1602	benign
Q8NGV5	I79C	0.3296	benign
Q8NGV5	I79D	0.4611	ambiguous
Q8NGV5	I79E	0.475	ambiguous
Q8NGV5	I79F	0.0829	benign
Q8NGV5	I79G	0.2569	benign
Q8NGV5	I79H	0.3359	benign
Q8NGV5	I79K	0.2739	benign
Q8NGV5	I79L	0.0745	benign
Q8NGV5	I79M	0.0793	benign
Q8NGV5	I79N	0.1476	benign
Q8NGV5	I79P	0.4002	ambiguous
Q8NGV5	I79Q	0.3224	benign
Q8NGV5	I79R	0.1917	benign
Q8NGV5	I79S	0.125	benign
Q8NGV5	I79T	0.0999	benign
Q8NGV5	I79V	0.0808	benign
Q8NGV5	I79W	0.4529	ambiguous
Q8NGV5	I79Y	0.298	benign
Q8NGV5	I80A	0.2111	benign
Q8NGV5	I80C	0.479	ambiguous
Q8NGV5	I80D	0.498	ambiguous
Q8NGV5	I80E	0.488	ambiguous
Q8NGV5	I80F	0.1188	benign
Q8NGV5	I80G	0.4285	ambiguous
Q8NGV5	I80H	0.4298	ambiguous
Q8NGV5	I80K	0.291	benign
Q8NGV5	I80L	0.0859	benign
Q8NGV5	I80M	0.0943	benign
Q8NGV5	I80N	0.1671	benign
Q8NGV5	I80P	0.4044	ambiguous
Q8NGV5	I80Q	0.3741	ambiguous
Q8NGV5	I80R	0.2193	benign
Q8NGV5	I80S	0.1681	benign
Q8NGV5	I80T	0.1263	benign
Q8NGV5	I80V	0.0814	benign
Q8NGV5	I80W	0.625	pathogenic
Q8NGV5	I80Y	0.4184	ambiguous
Q8NGV5	T81A	0.0902	benign
Q8NGV5	T81C	0.2385	benign
Q8NGV5	T81D	0.3724	ambiguous
Q8NGV5	T81E	0.3744	ambiguous
Q8NGV5	T81F	0.1888	benign
Q8NGV5	T81G	0.2038	benign
Q8NGV5	T81H	0.2466	benign
Q8NGV5	T81I	0.1019	benign
Q8NGV5	T81K	0.2607	benign
Q8NGV5	T81L	0.1032	benign
Q8NGV5	T81M	0.0943	benign
Q8NGV5	T81N	0.1218	benign
Q8NGV5	T81P	0.1074	benign
Q8NGV5	T81Q	0.284	benign
Q8NGV5	T81R	0.1803	benign
Q8NGV5	T81S	0.1087	benign
Q8NGV5	T81V	0.133	benign
Q8NGV5	T81W	0.3859	ambiguous
Q8NGV5	T81Y	0.1956	benign
Q8NGV5	I82A	0.1651	benign
Q8NGV5	I82C	0.3604	ambiguous
Q8NGV5	I82D	0.4302	ambiguous
Q8NGV5	I82E	0.4418	ambiguous
Q8NGV5	I82F	0.0784	benign
Q8NGV5	I82G	0.3186	benign
Q8NGV5	I82H	0.2581	benign
Q8NGV5	I82K	0.2072	benign
Q8NGV5	I82L	0.0822	benign
Q8NGV5	I82M	0.0923	benign
Q8NGV5	I82N	0.1289	benign
Q8NGV5	I82P	0.4567	ambiguous
Q8NGV5	I82Q	0.2791	benign
Q8NGV5	I82R	0.1374	benign
Q8NGV5	I82S	0.1335	benign
Q8NGV5	I82T	0.1253	benign
Q8NGV5	I82V	0.0752	benign
Q8NGV5	I82W	0.4308	ambiguous
Q8NGV5	I82Y	0.2424	benign
Q8NGV5	L83A	0.1352	benign
Q8NGV5	L83C	0.2721	benign
Q8NGV5	L83D	0.4301	ambiguous
Q8NGV5	L83E	0.2376	benign
Q8NGV5	L83F	0.0861	benign
Q8NGV5	L83G	0.2772	benign
Q8NGV5	L83H	0.1381	benign
Q8NGV5	L83I	0.0927	benign
Q8NGV5	L83K	0.1618	benign
Q8NGV5	L83M	0.1027	benign
Q8NGV5	L83N	0.2583	benign
Q8NGV5	L83P	0.1861	benign
Q8NGV5	L83Q	0.1064	benign
Q8NGV5	L83R	0.1045	benign
Q8NGV5	L83S	0.1184	benign
Q8NGV5	L83T	0.0982	benign
Q8NGV5	L83V	0.0931	benign
Q8NGV5	L83W	0.1008	benign
Q8NGV5	L83Y	0.2242	benign
Q8NGV5	D84A	0.2464	benign
Q8NGV5	D84C	0.5386	ambiguous
Q8NGV5	D84E	0.3455	ambiguous
Q8NGV5	D84F	0.4895	ambiguous
Q8NGV5	D84G	0.2005	benign
Q8NGV5	D84H	0.253	benign
Q8NGV5	D84I	0.3632	ambiguous
Q8NGV5	D84K	0.4961	ambiguous
Q8NGV5	D84L	0.4245	ambiguous
Q8NGV5	D84M	0.7493	pathogenic
Q8NGV5	D84N	0.1731	benign
Q8NGV5	D84P	0.5604	ambiguous
Q8NGV5	D84Q	0.4467	ambiguous
Q8NGV5	D84R	0.4045	ambiguous
Q8NGV5	D84S	0.2038	benign
Q8NGV5	D84T	0.3989	ambiguous
Q8NGV5	D84V	0.229	benign
Q8NGV5	D84W	0.7922	pathogenic
Q8NGV5	D84Y	0.1813	benign
Q8NGV5	S85A	0.0892	benign
Q8NGV5	S85C	0.0813	benign
Q8NGV5	S85D	0.2541	benign
Q8NGV5	S85E	0.3014	benign
Q8NGV5	S85F	0.1241	benign
Q8NGV5	S85G	0.1006	benign
Q8NGV5	S85H	0.1789	benign
Q8NGV5	S85I	0.1269	benign
Q8NGV5	S85K	0.333	benign
Q8NGV5	S85L	0.1016	benign
Q8NGV5	S85M	0.212	benign
Q8NGV5	S85N	0.142	benign
Q8NGV5	S85P	0.0712	benign
Q8NGV5	S85Q	0.2808	benign
Q8NGV5	S85R	0.2277	benign
Q8NGV5	S85T	0.0916	benign
Q8NGV5	S85V	0.1404	benign
Q8NGV5	S85W	0.1408	benign
Q8NGV5	S85Y	0.0918	benign
Q8NGV5	R86A	0.2446	benign
Q8NGV5	R86C	0.0767	benign
Q8NGV5	R86D	0.2936	benign
Q8NGV5	R86E	0.2476	benign
Q8NGV5	R86F	0.2495	benign
Q8NGV5	R86G	0.1273	benign
Q8NGV5	R86H	0.0634	benign
Q8NGV5	R86I	0.1932	benign
Q8NGV5	R86K	0.1355	benign
Q8NGV5	R86L	0.1383	benign
Q8NGV5	R86M	0.2619	benign
Q8NGV5	R86N	0.2563	benign
Q8NGV5	R86P	0.2485	benign
Q8NGV5	R86Q	0.0914	benign
Q8NGV5	R86S	0.1966	benign
Q8NGV5	R86T	0.1842	benign
Q8NGV5	R86V	0.2508	benign
Q8NGV5	R86W	0.1013	benign
Q8NGV5	R86Y	0.153	benign
Q8NGV5	L87A	0.4692	ambiguous
Q8NGV5	L87C	0.5577	ambiguous
Q8NGV5	L87D	0.7383	pathogenic
Q8NGV5	L87E	0.4828	ambiguous
Q8NGV5	L87F	0.1576	benign
Q8NGV5	L87G	0.5677	pathogenic
Q8NGV5	L87H	0.2709	benign
Q8NGV5	L87I	0.1626	benign
Q8NGV5	L87K	0.314	benign
Q8NGV5	L87M	0.2021	benign
Q8NGV5	L87N	0.5232	ambiguous
Q8NGV5	L87P	0.2346	benign
Q8NGV5	L87Q	0.2395	benign
Q8NGV5	L87R	0.2232	benign
Q8NGV5	L87S	0.4218	ambiguous
Q8NGV5	L87T	0.4109	ambiguous
Q8NGV5	L87V	0.1954	benign
Q8NGV5	L87W	0.2578	benign
Q8NGV5	L87Y	0.4356	ambiguous
Q8NGV5	H88A	0.3503	ambiguous
Q8NGV5	H88C	0.149	benign
Q8NGV5	H88D	0.2504	benign
Q8NGV5	H88E	0.3501	ambiguous
Q8NGV5	H88F	0.361	ambiguous
Q8NGV5	H88G	0.2724	benign
Q8NGV5	H88I	0.3798	ambiguous
Q8NGV5	H88K	0.2448	benign
Q8NGV5	H88L	0.1332	benign
Q8NGV5	H88M	0.5504	ambiguous
Q8NGV5	H88N	0.1682	benign
Q8NGV5	H88P	0.1391	benign
Q8NGV5	H88Q	0.1969	benign
Q8NGV5	H88R	0.1004	benign
Q8NGV5	H88S	0.2786	benign
Q8NGV5	H88T	0.3669	ambiguous
Q8NGV5	H88V	0.3347	benign
Q8NGV5	H88W	0.3193	benign
Q8NGV5	H88Y	0.1061	benign
Q8NGV5	T89A	0.0978	benign
Q8NGV5	T89C	0.3874	ambiguous
Q8NGV5	T89D	0.3271	benign
Q8NGV5	T89E	0.2672	benign
Q8NGV5	T89F	0.1764	benign
Q8NGV5	T89G	0.2719	benign
Q8NGV5	T89H	0.1904	benign
Q8NGV5	T89I	0.1172	benign
Q8NGV5	T89K	0.1271	benign
Q8NGV5	T89L	0.0933	benign
Q8NGV5	T89M	0.0798	benign
Q8NGV5	T89N	0.1194	benign
Q8NGV5	T89P	0.1185	benign
Q8NGV5	T89Q	0.1916	benign
Q8NGV5	T89R	0.1112	benign
Q8NGV5	T89S	0.1165	benign
Q8NGV5	T89V	0.1461	benign
Q8NGV5	T89W	0.5053	ambiguous
Q8NGV5	T89Y	0.2147	benign
Q8NGV5	P90A	0.1099	benign
Q8NGV5	P90C	0.4446	ambiguous
Q8NGV5	P90D	0.523	ambiguous
Q8NGV5	P90E	0.388	ambiguous
Q8NGV5	P90F	0.4484	ambiguous
Q8NGV5	P90G	0.3914	ambiguous
Q8NGV5	P90H	0.1955	benign
Q8NGV5	P90I	0.3082	benign
Q8NGV5	P90K	0.3219	benign
Q8NGV5	P90L	0.1392	benign
Q8NGV5	P90M	0.3824	ambiguous
Q8NGV5	P90N	0.4484	ambiguous
Q8NGV5	P90Q	0.2272	benign
Q8NGV5	P90R	0.1772	benign
Q8NGV5	P90S	0.1565	benign
Q8NGV5	P90T	0.1357	benign
Q8NGV5	P90V	0.2544	benign
Q8NGV5	P90W	0.5284	ambiguous
Q8NGV5	P90Y	0.4132	ambiguous
Q8NGV5	M91A	0.2814	benign
Q8NGV5	M91C	0.6514	pathogenic
Q8NGV5	M91D	0.6826	pathogenic
Q8NGV5	M91E	0.3597	ambiguous
Q8NGV5	M91F	0.3669	ambiguous
Q8NGV5	M91G	0.438	ambiguous
Q8NGV5	M91H	0.4112	ambiguous
Q8NGV5	M91I	0.3201	benign
Q8NGV5	M91K	0.129	benign
Q8NGV5	M91L	0.1359	benign
Q8NGV5	M91N	0.4425	ambiguous
Q8NGV5	M91P	0.4641	ambiguous
Q8NGV5	M91Q	0.1948	benign
Q8NGV5	M91R	0.1053	benign
Q8NGV5	M91S	0.305	benign
Q8NGV5	M91T	0.1336	benign
Q8NGV5	M91V	0.0691	benign
Q8NGV5	M91W	0.5275	ambiguous
Q8NGV5	M91Y	0.6062	pathogenic
Q8NGV5	Y92A	0.5245	ambiguous
Q8NGV5	Y92C	0.1864	benign
Q8NGV5	Y92D	0.2968	benign
Q8NGV5	Y92E	0.7145	pathogenic
Q8NGV5	Y92F	0.1578	benign
Q8NGV5	Y92G	0.42	ambiguous
Q8NGV5	Y92H	0.2925	benign
Q8NGV5	Y92I	0.4525	ambiguous
Q8NGV5	Y92K	0.6732	pathogenic
Q8NGV5	Y92L	0.4223	ambiguous
Q8NGV5	Y92M	0.6655	pathogenic
Q8NGV5	Y92N	0.2105	benign
Q8NGV5	Y92P	0.5769	pathogenic
Q8NGV5	Y92Q	0.6433	pathogenic
Q8NGV5	Y92R	0.5132	ambiguous
Q8NGV5	Y92S	0.2547	benign
Q8NGV5	Y92T	0.5145	ambiguous
Q8NGV5	Y92V	0.4005	ambiguous
Q8NGV5	Y92W	0.497	ambiguous
Q8NGV5	F93A	0.3622	ambiguous
Q8NGV5	F93C	0.1622	benign
Q8NGV5	F93D	0.5415	ambiguous
Q8NGV5	F93E	0.7494	pathogenic
Q8NGV5	F93G	0.5283	ambiguous
Q8NGV5	F93H	0.4412	ambiguous
Q8NGV5	F93I	0.0756	benign
Q8NGV5	F93K	0.6442	pathogenic
Q8NGV5	F93L	0.5813	pathogenic
Q8NGV5	F93M	0.4365	ambiguous
Q8NGV5	F93N	0.419	ambiguous
Q8NGV5	F93P	0.7113	pathogenic
Q8NGV5	F93Q	0.6473	pathogenic
Q8NGV5	F93R	0.4453	ambiguous
Q8NGV5	F93S	0.2222	benign
Q8NGV5	F93T	0.332	benign
Q8NGV5	F93V	0.1011	benign
Q8NGV5	F93W	0.3926	ambiguous
Q8NGV5	F93Y	0.1174	benign
Q8NGV5	F94A	0.4766	ambiguous
Q8NGV5	F94C	0.2585	benign
Q8NGV5	F94D	0.7032	pathogenic
Q8NGV5	F94E	0.8166	pathogenic
Q8NGV5	F94G	0.6677	pathogenic
Q8NGV5	F94H	0.5121	ambiguous
Q8NGV5	F94I	0.1382	benign
Q8NGV5	F94K	0.7433	pathogenic
Q8NGV5	F94L	0.5399	ambiguous
Q8NGV5	F94M	0.5292	ambiguous
Q8NGV5	F94N	0.5736	pathogenic
Q8NGV5	F94P	0.6753	pathogenic
Q8NGV5	F94Q	0.6882	pathogenic
Q8NGV5	F94R	0.5704	pathogenic
Q8NGV5	F94S	0.2694	benign
Q8NGV5	F94T	0.4558	ambiguous
Q8NGV5	F94V	0.1921	benign
Q8NGV5	F94W	0.5262	ambiguous
Q8NGV5	F94Y	0.2182	benign
Q8NGV5	L95A	0.2446	benign
Q8NGV5	L95C	0.4708	ambiguous
Q8NGV5	L95D	0.6574	pathogenic
Q8NGV5	L95E	0.3989	ambiguous
Q8NGV5	L95F	0.1371	benign
Q8NGV5	L95G	0.4866	ambiguous
Q8NGV5	L95H	0.2056	benign
Q8NGV5	L95I	0.123	benign
Q8NGV5	L95K	0.2886	benign
Q8NGV5	L95M	0.173	benign
Q8NGV5	L95N	0.5048	ambiguous
Q8NGV5	L95P	0.1376	benign
Q8NGV5	L95Q	0.1988	benign
Q8NGV5	L95R	0.1752	benign
Q8NGV5	L95S	0.2289	benign
Q8NGV5	L95T	0.1956	benign
Q8NGV5	L95V	0.1338	benign
Q8NGV5	L95W	0.1705	benign
Q8NGV5	L95Y	0.4258	ambiguous
Q8NGV5	G96A	0.1196	benign
Q8NGV5	G96C	0.1299	benign
Q8NGV5	G96D	0.2361	benign
Q8NGV5	G96E	0.1748	benign
Q8NGV5	G96F	0.4082	ambiguous
Q8NGV5	G96H	0.2905	benign
Q8NGV5	G96I	0.2175	benign
Q8NGV5	G96K	0.2705	benign
Q8NGV5	G96L	0.2814	benign
Q8NGV5	G96M	0.3681	ambiguous
Q8NGV5	G96N	0.3216	benign
Q8NGV5	G96P	0.6721	pathogenic
Q8NGV5	G96Q	0.2236	benign
Q8NGV5	G96R	0.1445	benign
Q8NGV5	G96S	0.0999	benign
Q8NGV5	G96T	0.1692	benign
Q8NGV5	G96V	0.1465	benign
Q8NGV5	G96W	0.1828	benign
Q8NGV5	G96Y	0.2609	benign
Q8NGV5	N97A	0.3591	ambiguous
Q8NGV5	N97C	0.2379	benign
Q8NGV5	N97D	0.2524	benign
Q8NGV5	N97E	0.5231	ambiguous
Q8NGV5	N97F	0.4009	ambiguous
Q8NGV5	N97G	0.3926	ambiguous
Q8NGV5	N97H	0.1092	benign
Q8NGV5	N97I	0.1262	benign
Q8NGV5	N97K	0.3024	benign
Q8NGV5	N97L	0.222	benign
Q8NGV5	N97M	0.3067	benign
Q8NGV5	N97P	0.5412	ambiguous
Q8NGV5	N97Q	0.4037	ambiguous
Q8NGV5	N97R	0.3474	ambiguous
Q8NGV5	N97S	0.0994	benign
Q8NGV5	N97T	0.1978	benign
Q8NGV5	N97V	0.2036	benign
Q8NGV5	N97W	0.6477	pathogenic
Q8NGV5	N97Y	0.1133	benign
Q8NGV5	L98A	0.3186	benign
Q8NGV5	L98C	0.4165	ambiguous
Q8NGV5	L98D	0.5889	pathogenic
Q8NGV5	L98E	0.3638	ambiguous
Q8NGV5	L98F	0.1103	benign
Q8NGV5	L98G	0.4804	ambiguous
Q8NGV5	L98H	0.178	benign
Q8NGV5	L98I	0.1007	benign
Q8NGV5	L98K	0.2257	benign
Q8NGV5	L98M	0.1396	benign
Q8NGV5	L98N	0.3982	ambiguous
Q8NGV5	L98P	0.1829	benign
Q8NGV5	L98Q	0.1824	benign
Q8NGV5	L98R	0.1564	benign
Q8NGV5	L98S	0.281	benign
Q8NGV5	L98T	0.2486	benign
Q8NGV5	L98V	0.1188	benign
Q8NGV5	L98W	0.1964	benign
Q8NGV5	L98Y	0.3242	benign
Q8NGV5	S99A	0.0859	benign
Q8NGV5	S99C	0.131	benign
Q8NGV5	S99D	0.6793	pathogenic
Q8NGV5	S99E	0.7319	pathogenic
Q8NGV5	S99F	0.2375	benign
Q8NGV5	S99G	0.1961	benign
Q8NGV5	S99H	0.5061	ambiguous
Q8NGV5	S99I	0.2588	benign
Q8NGV5	S99K	0.8503	pathogenic
Q8NGV5	S99L	0.1225	benign
Q8NGV5	S99M	0.3943	ambiguous
Q8NGV5	S99N	0.4253	ambiguous
Q8NGV5	S99P	0.1389	benign
Q8NGV5	S99Q	0.692	pathogenic
Q8NGV5	S99R	0.7016	pathogenic
Q8NGV5	S99T	0.1701	benign
Q8NGV5	S99V	0.2923	benign
Q8NGV5	S99W	0.32	benign
Q8NGV5	S99Y	0.22	benign
Q8NGV5	F100A	0.2758	benign
Q8NGV5	F100C	0.1397	benign
Q8NGV5	F100D	0.572	pathogenic
Q8NGV5	F100E	0.7347	pathogenic
Q8NGV5	F100G	0.426	ambiguous
Q8NGV5	F100H	0.5223	ambiguous
Q8NGV5	F100I	0.0701	benign
Q8NGV5	F100K	0.6762	pathogenic
Q8NGV5	F100L	0.4127	ambiguous
Q8NGV5	F100M	0.3082	benign
Q8NGV5	F100N	0.4304	ambiguous
Q8NGV5	F100P	0.6623	pathogenic
Q8NGV5	F100Q	0.6448	pathogenic
Q8NGV5	F100R	0.5288	ambiguous
Q8NGV5	F100S	0.1657	benign
Q8NGV5	F100T	0.2879	benign
Q8NGV5	F100V	0.0898	benign
Q8NGV5	F100W	0.4072	ambiguous
Q8NGV5	F100Y	0.1932	benign
Q8NGV5	L101A	0.2581	benign
Q8NGV5	L101C	0.4892	ambiguous
Q8NGV5	L101D	0.6734	pathogenic
Q8NGV5	L101E	0.3865	ambiguous
Q8NGV5	L101F	0.1648	benign
Q8NGV5	L101G	0.4339	ambiguous
Q8NGV5	L101H	0.2352	benign
Q8NGV5	L101I	0.1254	benign
Q8NGV5	L101K	0.2902	benign
Q8NGV5	L101M	0.15	benign
Q8NGV5	L101N	0.4652	ambiguous
Q8NGV5	L101P	0.1527	benign
Q8NGV5	L101Q	0.1799	benign
Q8NGV5	L101R	0.191	benign
Q8NGV5	L101S	0.2126	benign
Q8NGV5	L101T	0.2021	benign
Q8NGV5	L101V	0.1262	benign
Q8NGV5	L101W	0.1972	benign
Q8NGV5	L101Y	0.4707	ambiguous
Q8NGV5	D102A	0.2489	benign
Q8NGV5	D102C	0.5041	ambiguous
Q8NGV5	D102E	0.2917	benign
Q8NGV5	D102F	0.5438	ambiguous
Q8NGV5	D102G	0.1811	benign
Q8NGV5	D102H	0.2428	benign
Q8NGV5	D102I	0.4013	ambiguous
Q8NGV5	D102K	0.4262	ambiguous
Q8NGV5	D102L	0.3909	ambiguous
Q8NGV5	D102M	0.6892	pathogenic
Q8NGV5	D102N	0.1688	benign
Q8NGV5	D102P	0.6083	pathogenic
Q8NGV5	D102Q	0.4253	ambiguous
Q8NGV5	D102R	0.3758	ambiguous
Q8NGV5	D102S	0.2137	benign
Q8NGV5	D102T	0.4131	ambiguous
Q8NGV5	D102V	0.2384	benign
Q8NGV5	D102W	0.7737	pathogenic
Q8NGV5	D102Y	0.1711	benign
Q8NGV5	I103A	0.3095	benign
Q8NGV5	I103C	0.5468	ambiguous
Q8NGV5	I103D	0.5391	ambiguous
Q8NGV5	I103E	0.5943	pathogenic
Q8NGV5	I103F	0.1167	benign
Q8NGV5	I103G	0.4959	ambiguous
Q8NGV5	I103H	0.4063	ambiguous
Q8NGV5	I103K	0.3475	ambiguous
Q8NGV5	I103L	0.1202	benign
Q8NGV5	I103M	0.1103	benign
Q8NGV5	I103N	0.1821	benign
Q8NGV5	I103P	0.6073	pathogenic
Q8NGV5	I103Q	0.4762	ambiguous
Q8NGV5	I103R	0.2435	benign
Q8NGV5	I103S	0.2096	benign
Q8NGV5	I103T	0.1817	benign
Q8NGV5	I103V	0.1076	benign
Q8NGV5	I103W	0.6237	pathogenic
Q8NGV5	I103Y	0.4111	ambiguous
Q8NGV5	C104A	0.3308	benign
Q8NGV5	C104D	0.6493	pathogenic
Q8NGV5	C104E	0.801	pathogenic
Q8NGV5	C104F	0.1226	benign
Q8NGV5	C104G	0.1271	benign
Q8NGV5	C104H	0.4226	ambiguous
Q8NGV5	C104I	0.3107	benign
Q8NGV5	C104K	0.7554	pathogenic
Q8NGV5	C104L	0.2501	benign
Q8NGV5	C104M	0.5333	ambiguous
Q8NGV5	C104N	0.5039	ambiguous
Q8NGV5	C104P	0.5803	pathogenic
Q8NGV5	C104Q	0.5904	pathogenic
Q8NGV5	C104R	0.3755	ambiguous
Q8NGV5	C104S	0.1982	benign
Q8NGV5	C104T	0.3736	ambiguous
Q8NGV5	C104V	0.3365	benign
Q8NGV5	C104W	0.2403	benign
Q8NGV5	C104Y	0.2024	benign
Q8NGV5	Y105A	0.34	benign
Q8NGV5	Y105C	0.0789	benign
Q8NGV5	Y105D	0.158	benign
Q8NGV5	Y105E	0.4935	ambiguous
Q8NGV5	Y105F	0.0983	benign
Q8NGV5	Y105G	0.2167	benign
Q8NGV5	Y105H	0.1559	benign
Q8NGV5	Y105I	0.3104	benign
Q8NGV5	Y105K	0.4287	ambiguous
Q8NGV5	Y105L	0.2603	benign
Q8NGV5	Y105M	0.4623	ambiguous
Q8NGV5	Y105N	0.1295	benign
Q8NGV5	Y105P	0.5675	pathogenic
Q8NGV5	Y105Q	0.368	ambiguous
Q8NGV5	Y105R	0.2933	benign
Q8NGV5	Y105S	0.1205	benign
Q8NGV5	Y105T	0.3133	benign
Q8NGV5	Y105V	0.2758	benign
Q8NGV5	Y105W	0.3243	benign
Q8NGV5	T106A	0.0947	benign
Q8NGV5	T106C	0.3672	ambiguous
Q8NGV5	T106D	0.4794	ambiguous
Q8NGV5	T106E	0.4441	ambiguous
Q8NGV5	T106F	0.2372	benign
Q8NGV5	T106G	0.3052	benign
Q8NGV5	T106H	0.2944	benign
Q8NGV5	T106I	0.1283	benign
Q8NGV5	T106K	0.2618	benign
Q8NGV5	T106L	0.1161	benign
Q8NGV5	T106M	0.0922	benign
Q8NGV5	T106N	0.1719	benign
Q8NGV5	T106P	0.0936	benign
Q8NGV5	T106Q	0.3199	benign
Q8NGV5	T106R	0.175	benign
Q8NGV5	T106S	0.1339	benign
Q8NGV5	T106V	0.1537	benign
Q8NGV5	T106W	0.5698	pathogenic
Q8NGV5	T106Y	0.282	benign
Q8NGV5	S107A	0.1189	benign
Q8NGV5	S107C	0.1446	benign
Q8NGV5	S107D	0.6703	pathogenic
Q8NGV5	S107E	0.7745	pathogenic
Q8NGV5	S107F	0.2401	benign
Q8NGV5	S107G	0.1345	benign
Q8NGV5	S107H	0.582	pathogenic
Q8NGV5	S107I	0.2341	benign
Q8NGV5	S107K	0.8405	pathogenic
Q8NGV5	S107L	0.1428	benign
Q8NGV5	S107M	0.3084	benign
Q8NGV5	S107N	0.3356	benign
Q8NGV5	S107P	0.2072	benign
Q8NGV5	S107Q	0.7635	pathogenic
Q8NGV5	S107R	0.7252	pathogenic
Q8NGV5	S107T	0.0814	benign
Q8NGV5	S107V	0.2552	benign
Q8NGV5	S107W	0.3145	benign
Q8NGV5	S107Y	0.2472	benign
Q8NGV5	S108A	0.0897	benign
Q8NGV5	S108C	0.1056	benign
Q8NGV5	S108D	0.5384	ambiguous
Q8NGV5	S108E	0.6729	pathogenic
Q8NGV5	S108F	0.1644	benign
Q8NGV5	S108G	0.1115	benign
Q8NGV5	S108H	0.4575	ambiguous
Q8NGV5	S108I	0.1422	benign
Q8NGV5	S108K	0.7616	pathogenic
Q8NGV5	S108L	0.1075	benign
Q8NGV5	S108M	0.2825	benign
Q8NGV5	S108N	0.244	benign
Q8NGV5	S108P	0.1854	benign
Q8NGV5	S108Q	0.6545	pathogenic
Q8NGV5	S108R	0.6092	pathogenic
Q8NGV5	S108T	0.0878	benign
Q8NGV5	S108V	0.1715	benign
Q8NGV5	S108W	0.2624	benign
Q8NGV5	S108Y	0.163	benign
Q8NGV5	S109A	0.0852	benign
Q8NGV5	S109C	0.087	benign
Q8NGV5	S109D	0.4141	ambiguous
Q8NGV5	S109E	0.5374	ambiguous
Q8NGV5	S109F	0.0948	benign
Q8NGV5	S109G	0.121	benign
Q8NGV5	S109H	0.3122	benign
Q8NGV5	S109I	0.1143	benign
Q8NGV5	S109K	0.6543	pathogenic
Q8NGV5	S109L	0.1004	benign
Q8NGV5	S109M	0.1986	benign
Q8NGV5	S109N	0.2059	benign
Q8NGV5	S109P	0.1904	benign
Q8NGV5	S109Q	0.5104	ambiguous
Q8NGV5	S109R	0.5247	ambiguous
Q8NGV5	S109T	0.0805	benign
Q8NGV5	S109V	0.1328	benign
Q8NGV5	S109W	0.1718	benign
Q8NGV5	S109Y	0.1051	benign
Q8NGV5	I110A	0.3944	ambiguous
Q8NGV5	I110C	0.6992	pathogenic
Q8NGV5	I110D	0.6343	pathogenic
Q8NGV5	I110E	0.6198	pathogenic
Q8NGV5	I110F	0.1274	benign
Q8NGV5	I110G	0.5892	pathogenic
Q8NGV5	I110H	0.5128	ambiguous
Q8NGV5	I110K	0.4044	ambiguous
Q8NGV5	I110L	0.1081	benign
Q8NGV5	I110M	0.1266	benign
Q8NGV5	I110N	0.2429	benign
Q8NGV5	I110P	0.5496	ambiguous
Q8NGV5	I110Q	0.4928	ambiguous
Q8NGV5	I110R	0.347	ambiguous
Q8NGV5	I110S	0.2934	benign
Q8NGV5	I110T	0.2721	benign
Q8NGV5	I110V	0.0934	benign
Q8NGV5	I110W	0.7059	pathogenic
Q8NGV5	I110Y	0.4583	ambiguous
Q8NGV5	P111A	0.1531	benign
Q8NGV5	P111C	0.4772	ambiguous
Q8NGV5	P111D	0.6297	pathogenic
Q8NGV5	P111E	0.4736	ambiguous
Q8NGV5	P111F	0.3293	benign
Q8NGV5	P111G	0.4457	ambiguous
Q8NGV5	P111H	0.2161	benign
Q8NGV5	P111I	0.2177	benign
Q8NGV5	P111K	0.3952	ambiguous
Q8NGV5	P111L	0.1089	benign
Q8NGV5	P111M	0.3291	benign
Q8NGV5	P111N	0.4983	ambiguous
Q8NGV5	P111Q	0.2554	benign
Q8NGV5	P111R	0.2634	benign
Q8NGV5	P111S	0.1736	benign
Q8NGV5	P111T	0.1338	benign
Q8NGV5	P111V	0.219	benign
Q8NGV5	P111W	0.5454	ambiguous
Q8NGV5	P111Y	0.387	ambiguous
Q8NGV5	P112A	0.0893	benign
Q8NGV5	P112C	0.3536	ambiguous
Q8NGV5	P112D	0.4061	ambiguous
Q8NGV5	P112E	0.2351	benign
Q8NGV5	P112F	0.3076	benign
Q8NGV5	P112G	0.2394	benign
Q8NGV5	P112H	0.1295	benign
Q8NGV5	P112I	0.1988	benign
Q8NGV5	P112K	0.1736	benign
Q8NGV5	P112L	0.0961	benign
Q8NGV5	P112M	0.2243	benign
Q8NGV5	P112N	0.2414	benign
Q8NGV5	P112Q	0.1044	benign
Q8NGV5	P112R	0.1176	benign
Q8NGV5	P112S	0.105	benign
Q8NGV5	P112T	0.0866	benign
Q8NGV5	P112V	0.1629	benign
Q8NGV5	P112W	0.3896	ambiguous
Q8NGV5	P112Y	0.2443	benign
Q8NGV5	M113A	0.343	ambiguous
Q8NGV5	M113C	0.7823	pathogenic
Q8NGV5	M113D	0.8375	pathogenic
Q8NGV5	M113E	0.6303	pathogenic
Q8NGV5	M113F	0.3706	ambiguous
Q8NGV5	M113G	0.6376	pathogenic
Q8NGV5	M113H	0.6683	pathogenic
Q8NGV5	M113I	0.3486	ambiguous
Q8NGV5	M113K	0.3427	ambiguous
Q8NGV5	M113L	0.1335	benign
Q8NGV5	M113N	0.6466	pathogenic
Q8NGV5	M113P	0.774	pathogenic
Q8NGV5	M113Q	0.3799	ambiguous
Q8NGV5	M113R	0.3226	benign
Q8NGV5	M113S	0.4136	ambiguous
Q8NGV5	M113T	0.1755	benign
Q8NGV5	M113V	0.0901	benign
Q8NGV5	M113W	0.7246	pathogenic
Q8NGV5	M113Y	0.6961	pathogenic
Q8NGV5	L114A	0.5554	ambiguous
Q8NGV5	L114C	0.7573	pathogenic
Q8NGV5	L114D	0.8993	pathogenic
Q8NGV5	L114E	0.6986	pathogenic
Q8NGV5	L114F	0.304	benign
Q8NGV5	L114G	0.7265	pathogenic
Q8NGV5	L114H	0.5961	pathogenic
Q8NGV5	L114I	0.1943	benign
Q8NGV5	L114K	0.5743	pathogenic
Q8NGV5	L114M	0.1981	benign
Q8NGV5	L114N	0.7189	pathogenic
Q8NGV5	L114P	0.4212	ambiguous
Q8NGV5	L114Q	0.4249	ambiguous
Q8NGV5	L114R	0.484	ambiguous
Q8NGV5	L114S	0.6609	pathogenic
Q8NGV5	L114T	0.5643	pathogenic
Q8NGV5	L114V	0.2116	benign
Q8NGV5	L114W	0.5455	ambiguous
Q8NGV5	L114Y	0.7039	pathogenic
Q8NGV5	I115A	0.1768	benign
Q8NGV5	I115C	0.4167	ambiguous
Q8NGV5	I115D	0.3161	benign
Q8NGV5	I115E	0.331	benign
Q8NGV5	I115F	0.0815	benign
Q8NGV5	I115G	0.3272	benign
Q8NGV5	I115H	0.2385	benign
Q8NGV5	I115K	0.1964	benign
Q8NGV5	I115L	0.0819	benign
Q8NGV5	I115M	0.0751	benign
Q8NGV5	I115N	0.1155	benign
Q8NGV5	I115P	0.5258	ambiguous
Q8NGV5	I115Q	0.2185	benign
Q8NGV5	I115R	0.1281	benign
Q8NGV5	I115S	0.1331	benign
Q8NGV5	I115T	0.1235	benign
Q8NGV5	I115V	0.0783	benign
Q8NGV5	I115W	0.4142	ambiguous
Q8NGV5	I115Y	0.2349	benign
Q8NGV5	I116A	0.2303	benign
Q8NGV5	I116C	0.4806	ambiguous
Q8NGV5	I116D	0.3337	benign
Q8NGV5	I116E	0.5238	ambiguous
Q8NGV5	I116F	0.1331	benign
Q8NGV5	I116G	0.3819	ambiguous
Q8NGV5	I116H	0.2585	benign
Q8NGV5	I116K	0.3455	ambiguous
Q8NGV5	I116L	0.1104	benign
Q8NGV5	I116M	0.11	benign
Q8NGV5	I116N	0.0998	benign
Q8NGV5	I116P	0.5176	ambiguous
Q8NGV5	I116Q	0.3611	ambiguous
Q8NGV5	I116R	0.2253	benign
Q8NGV5	I116S	0.1241	benign
Q8NGV5	I116T	0.1453	benign
Q8NGV5	I116V	0.1062	benign
Q8NGV5	I116W	0.5864	pathogenic
Q8NGV5	I116Y	0.2886	benign
Q8NGV5	F117A	0.438	ambiguous
Q8NGV5	F117C	0.3126	benign
Q8NGV5	F117D	0.6594	pathogenic
Q8NGV5	F117E	0.7327	pathogenic
Q8NGV5	F117G	0.5993	pathogenic
Q8NGV5	F117H	0.5622	ambiguous
Q8NGV5	F117I	0.1895	benign
Q8NGV5	F117K	0.7291	pathogenic
Q8NGV5	F117L	0.6243	pathogenic
Q8NGV5	F117M	0.4415	ambiguous
Q8NGV5	F117N	0.531	ambiguous
Q8NGV5	F117P	0.8546	pathogenic
Q8NGV5	F117Q	0.6665	pathogenic
Q8NGV5	F117R	0.6019	pathogenic
Q8NGV5	F117S	0.3038	benign
Q8NGV5	F117T	0.411	ambiguous
Q8NGV5	F117V	0.232	benign
Q8NGV5	F117W	0.501	ambiguous
Q8NGV5	F117Y	0.2366	benign
Q8NGV5	M118A	0.1798	benign
Q8NGV5	M118C	0.4632	ambiguous
Q8NGV5	M118D	0.5471	ambiguous
Q8NGV5	M118E	0.3147	benign
Q8NGV5	M118F	0.1559	benign
Q8NGV5	M118G	0.2911	benign
Q8NGV5	M118H	0.2828	benign
Q8NGV5	M118I	0.1777	benign
Q8NGV5	M118K	0.1254	benign
Q8NGV5	M118L	0.0689	benign
Q8NGV5	M118N	0.3266	benign
Q8NGV5	M118P	0.3855	ambiguous
Q8NGV5	M118Q	0.1448	benign
Q8NGV5	M118R	0.1048	benign
Q8NGV5	M118S	0.1873	benign
Q8NGV5	M118T	0.1058	benign
Q8NGV5	M118V	0.0764	benign
Q8NGV5	M118W	0.2887	benign
Q8NGV5	M118Y	0.337	benign
Q8NGV5	S119A	0.0937	benign
Q8NGV5	S119C	0.1648	benign
Q8NGV5	S119D	0.2894	benign
Q8NGV5	S119E	0.3064	benign
Q8NGV5	S119F	0.2349	benign
Q8NGV5	S119G	0.1008	benign
Q8NGV5	S119H	0.2939	benign
Q8NGV5	S119I	0.2252	benign
Q8NGV5	S119K	0.406	ambiguous
Q8NGV5	S119L	0.1295	benign
Q8NGV5	S119M	0.2335	benign
Q8NGV5	S119N	0.1815	benign
Q8NGV5	S119P	0.2202	benign
Q8NGV5	S119Q	0.3689	ambiguous
Q8NGV5	S119R	0.3315	benign
Q8NGV5	S119T	0.0913	benign
Q8NGV5	S119V	0.2087	benign
Q8NGV5	S119W	0.2082	benign
Q8NGV5	S119Y	0.1496	benign
Q8NGV5	E120A	0.1453	benign
Q8NGV5	E120C	0.641	pathogenic
Q8NGV5	E120D	0.1205	benign
Q8NGV5	E120F	0.5204	ambiguous
Q8NGV5	E120G	0.0826	benign
Q8NGV5	E120H	0.2432	benign
Q8NGV5	E120I	0.3243	benign
Q8NGV5	E120K	0.0747	benign
Q8NGV5	E120L	0.313	benign
Q8NGV5	E120M	0.3839	ambiguous
Q8NGV5	E120N	0.189	benign
Q8NGV5	E120P	0.2554	benign
Q8NGV5	E120Q	0.089	benign
Q8NGV5	E120R	0.0999	benign
Q8NGV5	E120S	0.1499	benign
Q8NGV5	E120T	0.1896	benign
Q8NGV5	E120V	0.1983	benign
Q8NGV5	E120W	0.6029	pathogenic
Q8NGV5	E120Y	0.37	ambiguous
Q8NGV5	R121A	0.2527	benign
Q8NGV5	R121C	0.226	benign
Q8NGV5	R121D	0.2909	benign
Q8NGV5	R121E	0.1557	benign
Q8NGV5	R121F	0.409	ambiguous
Q8NGV5	R121G	0.1248	benign
Q8NGV5	R121H	0.1201	benign
Q8NGV5	R121I	0.1757	benign
Q8NGV5	R121K	0.0898	benign
Q8NGV5	R121L	0.2099	benign
Q8NGV5	R121M	0.1706	benign
Q8NGV5	R121N	0.2531	benign
Q8NGV5	R121P	0.3845	ambiguous
Q8NGV5	R121Q	0.0867	benign
Q8NGV5	R121S	0.2354	benign
Q8NGV5	R121T	0.1195	benign
Q8NGV5	R121V	0.2565	benign
Q8NGV5	R121W	0.1526	benign
Q8NGV5	R121Y	0.2996	benign
Q8NGV5	K122A	0.3862	ambiguous
Q8NGV5	K122C	0.7348	pathogenic
Q8NGV5	K122D	0.4785	ambiguous
Q8NGV5	K122E	0.1772	benign
Q8NGV5	K122F	0.6509	pathogenic
Q8NGV5	K122G	0.3745	ambiguous
Q8NGV5	K122H	0.3401	ambiguous
Q8NGV5	K122I	0.3469	ambiguous
Q8NGV5	K122L	0.345	ambiguous
Q8NGV5	K122M	0.264	benign
Q8NGV5	K122N	0.3204	benign
Q8NGV5	K122P	0.436	ambiguous
Q8NGV5	K122Q	0.1578	benign
Q8NGV5	K122R	0.0934	benign
Q8NGV5	K122S	0.3973	ambiguous
Q8NGV5	K122T	0.2202	benign
Q8NGV5	K122V	0.3709	ambiguous
Q8NGV5	K122W	0.7	pathogenic
Q8NGV5	K122Y	0.4825	ambiguous
Q8NGV5	S123A	0.1045	benign
Q8NGV5	S123C	0.1399	benign
Q8NGV5	S123D	0.2851	benign
Q8NGV5	S123E	0.3265	benign
Q8NGV5	S123F	0.224	benign
Q8NGV5	S123G	0.1063	benign
Q8NGV5	S123H	0.2647	benign
Q8NGV5	S123I	0.1627	benign
Q8NGV5	S123K	0.4173	ambiguous
Q8NGV5	S123L	0.1591	benign
Q8NGV5	S123M	0.2565	benign
Q8NGV5	S123N	0.1285	benign
Q8NGV5	S123P	0.1707	benign
Q8NGV5	S123Q	0.3839	ambiguous
Q8NGV5	S123R	0.3036	benign
Q8NGV5	S123T	0.0871	benign
Q8NGV5	S123V	0.1831	benign
Q8NGV5	S123W	0.2619	benign
Q8NGV5	S123Y	0.1389	benign
Q8NGV5	I124A	0.5393	ambiguous
Q8NGV5	I124C	0.8054	pathogenic
Q8NGV5	I124D	0.7408	pathogenic
Q8NGV5	I124E	0.701	pathogenic
Q8NGV5	I124F	0.155	benign
Q8NGV5	I124G	0.7504	pathogenic
Q8NGV5	I124H	0.578	pathogenic
Q8NGV5	I124K	0.4875	ambiguous
Q8NGV5	I124L	0.1685	benign
Q8NGV5	I124M	0.1799	benign
Q8NGV5	I124N	0.3218	benign
Q8NGV5	I124P	0.673	pathogenic
Q8NGV5	I124Q	0.5574	ambiguous
Q8NGV5	I124R	0.3261	benign
Q8NGV5	I124S	0.3813	ambiguous
Q8NGV5	I124T	0.3861	ambiguous
Q8NGV5	I124V	0.1236	benign
Q8NGV5	I124W	0.7499	pathogenic
Q8NGV5	I124Y	0.5074	ambiguous
Q8NGV5	S125A	0.159	benign
Q8NGV5	S125C	0.195	benign
Q8NGV5	S125D	0.5639	ambiguous
Q8NGV5	S125E	0.7451	pathogenic
Q8NGV5	S125F	0.2934	benign
Q8NGV5	S125G	0.1577	benign
Q8NGV5	S125H	0.4756	ambiguous
Q8NGV5	S125I	0.3381	benign
Q8NGV5	S125K	0.8395	pathogenic
Q8NGV5	S125L	0.1616	benign
Q8NGV5	S125M	0.3928	ambiguous
Q8NGV5	S125N	0.3421	ambiguous
Q8NGV5	S125P	0.127	benign
Q8NGV5	S125Q	0.7081	pathogenic
Q8NGV5	S125R	0.7049	pathogenic
Q8NGV5	S125T	0.1195	benign
Q8NGV5	S125V	0.3468	ambiguous
Q8NGV5	S125W	0.357	ambiguous
Q8NGV5	S125Y	0.2422	benign
Q8NGV5	F126A	0.4856	ambiguous
Q8NGV5	F126C	0.3977	ambiguous
Q8NGV5	F126D	0.6368	pathogenic
Q8NGV5	F126E	0.7435	pathogenic
Q8NGV5	F126G	0.6449	pathogenic
Q8NGV5	F126H	0.5575	ambiguous
Q8NGV5	F126I	0.1691	benign
Q8NGV5	F126K	0.7063	pathogenic
Q8NGV5	F126L	0.7146	pathogenic
Q8NGV5	F126M	0.5076	ambiguous
Q8NGV5	F126N	0.5701	pathogenic
Q8NGV5	F126P	0.7445	pathogenic
Q8NGV5	F126Q	0.6993	pathogenic
Q8NGV5	F126R	0.5388	ambiguous
Q8NGV5	F126S	0.332	benign
Q8NGV5	F126T	0.4678	ambiguous
Q8NGV5	F126V	0.1726	benign
Q8NGV5	F126W	0.4583	ambiguous
Q8NGV5	F126Y	0.1541	benign
Q8NGV5	I127A	0.0801	benign
Q8NGV5	I127C	0.4212	ambiguous
Q8NGV5	I127D	0.3471	ambiguous
Q8NGV5	I127E	0.2923	benign
Q8NGV5	I127F	0.0726	benign
Q8NGV5	I127G	0.2595	benign
Q8NGV5	I127H	0.2278	benign
Q8NGV5	I127K	0.1686	benign
Q8NGV5	I127L	0.066	benign
Q8NGV5	I127M	0.0738	benign
Q8NGV5	I127N	0.1479	benign
Q8NGV5	I127P	0.1578	benign
Q8NGV5	I127Q	0.2133	benign
Q8NGV5	I127R	0.1023	benign
Q8NGV5	I127S	0.088	benign
Q8NGV5	I127T	0.0498	benign
Q8NGV5	I127V	0.0743	benign
Q8NGV5	I127W	0.3089	benign
Q8NGV5	I127Y	0.2448	benign
Q8NGV5	G128A	0.1026	benign
Q8NGV5	G128C	0.1748	benign
Q8NGV5	G128D	0.2315	benign
Q8NGV5	G128E	0.1995	benign
Q8NGV5	G128F	0.4129	ambiguous
Q8NGV5	G128H	0.3619	ambiguous
Q8NGV5	G128I	0.2279	benign
Q8NGV5	G128K	0.4231	ambiguous
Q8NGV5	G128L	0.3246	benign
Q8NGV5	G128M	0.4393	ambiguous
Q8NGV5	G128N	0.3603	ambiguous
Q8NGV5	G128P	0.6561	pathogenic
Q8NGV5	G128Q	0.3205	benign
Q8NGV5	G128R	0.2239	benign
Q8NGV5	G128S	0.0992	benign
Q8NGV5	G128T	0.1667	benign
Q8NGV5	G128V	0.1506	benign
Q8NGV5	G128W	0.2529	benign
Q8NGV5	G128Y	0.3069	benign
Q8NGV5	C129A	0.7218	pathogenic
Q8NGV5	C129D	0.8172	pathogenic
Q8NGV5	C129E	0.9113	pathogenic
Q8NGV5	C129F	0.2459	benign
Q8NGV5	C129G	0.4199	ambiguous
Q8NGV5	C129H	0.6774	pathogenic
Q8NGV5	C129I	0.7379	pathogenic
Q8NGV5	C129K	0.8899	pathogenic
Q8NGV5	C129L	0.6271	pathogenic
Q8NGV5	C129M	0.8322	pathogenic
Q8NGV5	C129N	0.776	pathogenic
Q8NGV5	C129P	0.8666	pathogenic
Q8NGV5	C129Q	0.8537	pathogenic
Q8NGV5	C129R	0.5175	ambiguous
Q8NGV5	C129S	0.5703	pathogenic
Q8NGV5	C129T	0.7764	pathogenic
Q8NGV5	C129V	0.6665	pathogenic
Q8NGV5	C129W	0.4777	ambiguous
Q8NGV5	C129Y	0.3609	ambiguous
Q8NGV5	A130C	0.4622	ambiguous
Q8NGV5	A130D	0.4873	ambiguous
Q8NGV5	A130E	0.4423	ambiguous
Q8NGV5	A130F	0.2636	benign
Q8NGV5	A130G	0.1254	benign
Q8NGV5	A130H	0.5942	pathogenic
Q8NGV5	A130I	0.2124	benign
Q8NGV5	A130K	0.5917	pathogenic
Q8NGV5	A130L	0.1927	benign
Q8NGV5	A130M	0.2475	benign
Q8NGV5	A130N	0.4162	ambiguous
Q8NGV5	A130P	0.3945	ambiguous
Q8NGV5	A130Q	0.4777	ambiguous
Q8NGV5	A130R	0.4829	ambiguous
Q8NGV5	A130S	0.108	benign
Q8NGV5	A130T	0.1031	benign
Q8NGV5	A130V	0.1224	benign
Q8NGV5	A130W	0.7119	pathogenic
Q8NGV5	A130Y	0.4666	ambiguous
Q8NGV5	L131A	0.2165	benign
Q8NGV5	L131C	0.4069	ambiguous
Q8NGV5	L131D	0.7545	pathogenic
Q8NGV5	L131E	0.566	pathogenic
Q8NGV5	L131F	0.1107	benign
Q8NGV5	L131G	0.3693	ambiguous
Q8NGV5	L131H	0.3917	ambiguous
Q8NGV5	L131I	0.1057	benign
Q8NGV5	L131K	0.4748	ambiguous
Q8NGV5	L131M	0.1309	benign
Q8NGV5	L131N	0.4597	ambiguous
Q8NGV5	L131P	0.461	ambiguous
Q8NGV5	L131Q	0.3004	benign
Q8NGV5	L131R	0.3612	ambiguous
Q8NGV5	L131S	0.2095	benign
Q8NGV5	L131T	0.1761	benign
Q8NGV5	L131V	0.105	benign
Q8NGV5	L131W	0.2202	benign
Q8NGV5	L131Y	0.4102	ambiguous
Q8NGV5	Q132A	0.4916	ambiguous
Q8NGV5	Q132C	0.8832	pathogenic
Q8NGV5	Q132D	0.785	pathogenic
Q8NGV5	Q132E	0.1467	benign
Q8NGV5	Q132F	0.8626	pathogenic
Q8NGV5	Q132G	0.5128	ambiguous
Q8NGV5	Q132H	0.5658	pathogenic
Q8NGV5	Q132I	0.6527	pathogenic
Q8NGV5	Q132K	0.2568	benign
Q8NGV5	Q132L	0.2634	benign
Q8NGV5	Q132M	0.6092	pathogenic
Q8NGV5	Q132N	0.6644	pathogenic
Q8NGV5	Q132P	0.2618	benign
Q8NGV5	Q132R	0.2625	benign
Q8NGV5	Q132S	0.5341	ambiguous
Q8NGV5	Q132T	0.5301	ambiguous
Q8NGV5	Q132V	0.5124	ambiguous
Q8NGV5	Q132W	0.749	pathogenic
Q8NGV5	Q132Y	0.7925	pathogenic
Q8NGV5	M133A	0.5458	ambiguous
Q8NGV5	M133C	0.8453	pathogenic
Q8NGV5	M133D	0.8786	pathogenic
Q8NGV5	M133E	0.7027	pathogenic
Q8NGV5	M133F	0.51	ambiguous
Q8NGV5	M133G	0.7209	pathogenic
Q8NGV5	M133H	0.7484	pathogenic
Q8NGV5	M133I	0.4996	ambiguous
Q8NGV5	M133K	0.4076	ambiguous
Q8NGV5	M133L	0.1688	benign
Q8NGV5	M133N	0.6636	pathogenic
Q8NGV5	M133P	0.8788	pathogenic
Q8NGV5	M133Q	0.544	ambiguous
Q8NGV5	M133R	0.4249	ambiguous
Q8NGV5	M133S	0.6173	pathogenic
Q8NGV5	M133T	0.3512	ambiguous
Q8NGV5	M133V	0.1605	benign
Q8NGV5	M133W	0.8178	pathogenic
Q8NGV5	M133Y	0.7747	pathogenic
Q8NGV5	V134A	0.0819	benign
Q8NGV5	V134C	0.372	ambiguous
Q8NGV5	V134D	0.2427	benign
Q8NGV5	V134E	0.2732	benign
Q8NGV5	V134F	0.0675	benign
Q8NGV5	V134G	0.0964	benign
Q8NGV5	V134H	0.3621	ambiguous
Q8NGV5	V134I	0.0897	benign
Q8NGV5	V134K	0.3857	ambiguous
Q8NGV5	V134L	0.1287	benign
Q8NGV5	V134M	0.1144	benign
Q8NGV5	V134N	0.2014	benign
Q8NGV5	V134P	0.3607	ambiguous
Q8NGV5	V134Q	0.3283	benign
Q8NGV5	V134R	0.3004	benign
Q8NGV5	V134S	0.1219	benign
Q8NGV5	V134T	0.1295	benign
Q8NGV5	V134W	0.4731	ambiguous
Q8NGV5	V134Y	0.223	benign
Q8NGV5	V135A	0.1264	benign
Q8NGV5	V135C	0.4719	ambiguous
Q8NGV5	V135D	0.3389	benign
Q8NGV5	V135E	0.3746	ambiguous
Q8NGV5	V135F	0.0798	benign
Q8NGV5	V135G	0.1478	benign
Q8NGV5	V135H	0.5228	ambiguous
Q8NGV5	V135I	0.0737	benign
Q8NGV5	V135K	0.4352	ambiguous
Q8NGV5	V135L	0.1035	benign
Q8NGV5	V135M	0.1083	benign
Q8NGV5	V135N	0.2834	benign
Q8NGV5	V135P	0.3845	ambiguous
Q8NGV5	V135Q	0.3866	ambiguous
Q8NGV5	V135R	0.354	ambiguous
Q8NGV5	V135S	0.1801	benign
Q8NGV5	V135T	0.1737	benign
Q8NGV5	V135W	0.4814	ambiguous
Q8NGV5	V135Y	0.3458	ambiguous
Q8NGV5	S136A	0.0997	benign
Q8NGV5	S136C	0.1108	benign
Q8NGV5	S136D	0.472	ambiguous
Q8NGV5	S136E	0.5463	ambiguous
Q8NGV5	S136F	0.1279	benign
Q8NGV5	S136G	0.1051	benign
Q8NGV5	S136H	0.3802	ambiguous
Q8NGV5	S136I	0.1488	benign
Q8NGV5	S136K	0.7037	pathogenic
Q8NGV5	S136L	0.1062	benign
Q8NGV5	S136M	0.2579	benign
Q8NGV5	S136N	0.2251	benign
Q8NGV5	S136P	0.1658	benign
Q8NGV5	S136Q	0.5594	ambiguous
Q8NGV5	S136R	0.5422	ambiguous
Q8NGV5	S136T	0.108	benign
Q8NGV5	S136V	0.1884	benign
Q8NGV5	S136W	0.1889	benign
Q8NGV5	S136Y	0.1266	benign
Q8NGV5	L137A	0.2081	benign
Q8NGV5	L137C	0.4218	ambiguous
Q8NGV5	L137D	0.5365	ambiguous
Q8NGV5	L137E	0.3056	benign
Q8NGV5	L137F	0.0925	benign
Q8NGV5	L137G	0.3969	ambiguous
Q8NGV5	L137H	0.1568	benign
Q8NGV5	L137I	0.113	benign
Q8NGV5	L137K	0.2273	benign
Q8NGV5	L137M	0.1319	benign
Q8NGV5	L137N	0.3553	ambiguous
Q8NGV5	L137P	0.1759	benign
Q8NGV5	L137Q	0.1439	benign
Q8NGV5	L137R	0.1474	benign
Q8NGV5	L137S	0.1888	benign
Q8NGV5	L137T	0.1676	benign
Q8NGV5	L137V	0.1114	benign
Q8NGV5	L137W	0.1534	benign
Q8NGV5	L137Y	0.3094	benign
Q8NGV5	G138A	0.0976	benign
Q8NGV5	G138C	0.1458	benign
Q8NGV5	G138D	0.2233	benign
Q8NGV5	G138E	0.2247	benign
Q8NGV5	G138F	0.3023	benign
Q8NGV5	G138H	0.3398	benign
Q8NGV5	G138I	0.158	benign
Q8NGV5	G138K	0.4364	ambiguous
Q8NGV5	G138L	0.2142	benign
Q8NGV5	G138M	0.3142	benign
Q8NGV5	G138N	0.3289	benign
Q8NGV5	G138P	0.608	pathogenic
Q8NGV5	G138Q	0.3393	benign
Q8NGV5	G138R	0.2691	benign
Q8NGV5	G138S	0.0964	benign
Q8NGV5	G138T	0.1501	benign
Q8NGV5	G138V	0.1157	benign
Q8NGV5	G138W	0.2119	benign
Q8NGV5	G138Y	0.2389	benign
Q8NGV5	L139A	0.2219	benign
Q8NGV5	L139C	0.3844	ambiguous
Q8NGV5	L139D	0.5794	pathogenic
Q8NGV5	L139E	0.3543	ambiguous
Q8NGV5	L139F	0.1043	benign
Q8NGV5	L139G	0.364	ambiguous
Q8NGV5	L139H	0.2201	benign
Q8NGV5	L139I	0.1243	benign
Q8NGV5	L139K	0.2366	benign
Q8NGV5	L139M	0.1095	benign
Q8NGV5	L139N	0.3727	ambiguous
Q8NGV5	L139P	0.1926	benign
Q8NGV5	L139Q	0.1751	benign
Q8NGV5	L139R	0.1755	benign
Q8NGV5	L139S	0.2183	benign
Q8NGV5	L139T	0.1785	benign
Q8NGV5	L139V	0.1217	benign
Q8NGV5	L139W	0.1461	benign
Q8NGV5	L139Y	0.3133	benign
Q8NGV5	G140A	0.1292	benign
Q8NGV5	G140C	0.1605	benign
Q8NGV5	G140D	0.1992	benign
Q8NGV5	G140E	0.1838	benign
Q8NGV5	G140F	0.4451	ambiguous
Q8NGV5	G140H	0.3595	ambiguous
Q8NGV5	G140I	0.2146	benign
Q8NGV5	G140K	0.3682	ambiguous
Q8NGV5	G140L	0.308	benign
Q8NGV5	G140M	0.4295	ambiguous
Q8NGV5	G140N	0.3705	ambiguous
Q8NGV5	G140P	0.6564	pathogenic
Q8NGV5	G140Q	0.307	benign
Q8NGV5	G140R	0.2099	benign
Q8NGV5	G140S	0.1116	benign
Q8NGV5	G140T	0.2241	benign
Q8NGV5	G140V	0.1464	benign
Q8NGV5	G140W	0.2583	benign
Q8NGV5	G140Y	0.3079	benign
Q8NGV5	S141A	0.089	benign
Q8NGV5	S141C	0.0858	benign
Q8NGV5	S141D	0.3615	ambiguous
Q8NGV5	S141E	0.4979	ambiguous
Q8NGV5	S141F	0.1587	benign
Q8NGV5	S141G	0.0719	benign
Q8NGV5	S141H	0.3805	ambiguous
Q8NGV5	S141I	0.1264	benign
Q8NGV5	S141K	0.6206	pathogenic
Q8NGV5	S141L	0.1036	benign
Q8NGV5	S141M	0.2159	benign
Q8NGV5	S141N	0.1517	benign
Q8NGV5	S141P	0.2054	benign
Q8NGV5	S141Q	0.5312	ambiguous
Q8NGV5	S141R	0.4854	ambiguous
Q8NGV5	S141T	0.0953	benign
Q8NGV5	S141V	0.1659	benign
Q8NGV5	S141W	0.2494	benign
Q8NGV5	S141Y	0.1468	benign
Q8NGV5	T142A	0.0883	benign
Q8NGV5	T142C	0.4136	ambiguous
Q8NGV5	T142D	0.4303	ambiguous
Q8NGV5	T142E	0.3363	benign
Q8NGV5	T142F	0.3216	benign
Q8NGV5	T142G	0.2549	benign
Q8NGV5	T142H	0.3538	ambiguous
Q8NGV5	T142I	0.1734	benign
Q8NGV5	T142K	0.1986	benign
Q8NGV5	T142L	0.1372	benign
Q8NGV5	T142M	0.0893	benign
Q8NGV5	T142N	0.1891	benign
Q8NGV5	T142P	0.1666	benign
Q8NGV5	T142Q	0.2755	benign
Q8NGV5	T142R	0.1361	benign
Q8NGV5	T142S	0.1321	benign
Q8NGV5	T142V	0.166	benign
Q8NGV5	T142W	0.5517	ambiguous
Q8NGV5	T142Y	0.3656	ambiguous
Q8NGV5	E143A	0.1773	benign
Q8NGV5	E143C	0.7893	pathogenic
Q8NGV5	E143D	0.3118	benign
Q8NGV5	E143F	0.6653	pathogenic
Q8NGV5	E143G	0.1782	benign
Q8NGV5	E143H	0.4773	ambiguous
Q8NGV5	E143I	0.4214	ambiguous
Q8NGV5	E143K	0.0996	benign
Q8NGV5	E143L	0.4133	ambiguous
Q8NGV5	E143M	0.4856	ambiguous
Q8NGV5	E143N	0.4288	ambiguous
Q8NGV5	E143P	0.6523	pathogenic
Q8NGV5	E143Q	0.1473	benign
Q8NGV5	E143R	0.1957	benign
Q8NGV5	E143S	0.2634	benign
Q8NGV5	E143T	0.3063	benign
Q8NGV5	E143V	0.2551	benign
Q8NGV5	E143W	0.8169	pathogenic
Q8NGV5	E143Y	0.5688	pathogenic
Q8NGV5	C144A	0.248	benign
Q8NGV5	C144D	0.3124	benign
Q8NGV5	C144E	0.5338	ambiguous
Q8NGV5	C144F	0.1266	benign
Q8NGV5	C144G	0.1021	benign
Q8NGV5	C144H	0.3233	benign
Q8NGV5	C144I	0.3389	benign
Q8NGV5	C144K	0.5232	ambiguous
Q8NGV5	C144L	0.3223	benign
Q8NGV5	C144M	0.4697	ambiguous
Q8NGV5	C144N	0.2935	benign
Q8NGV5	C144P	0.5608	ambiguous
Q8NGV5	C144Q	0.4715	ambiguous
Q8NGV5	C144R	0.2373	benign
Q8NGV5	C144S	0.1686	benign
Q8NGV5	C144T	0.3172	benign
Q8NGV5	C144V	0.3071	benign
Q8NGV5	C144W	0.2597	benign
Q8NGV5	C144Y	0.1264	benign
Q8NGV5	V145A	0.1507	benign
Q8NGV5	V145C	0.4765	ambiguous
Q8NGV5	V145D	0.2992	benign
Q8NGV5	V145E	0.3394	benign
Q8NGV5	V145F	0.0806	benign
Q8NGV5	V145G	0.1654	benign
Q8NGV5	V145H	0.4446	ambiguous
Q8NGV5	V145I	0.0712	benign
Q8NGV5	V145K	0.3723	ambiguous
Q8NGV5	V145L	0.1055	benign
Q8NGV5	V145M	0.1029	benign
Q8NGV5	V145N	0.2566	benign
Q8NGV5	V145P	0.405	ambiguous
Q8NGV5	V145Q	0.3311	benign
Q8NGV5	V145R	0.3003	benign
Q8NGV5	V145S	0.192	benign
Q8NGV5	V145T	0.2032	benign
Q8NGV5	V145W	0.5215	ambiguous
Q8NGV5	V145Y	0.332	benign
Q8NGV5	L146A	0.3942	ambiguous
Q8NGV5	L146C	0.534	ambiguous
Q8NGV5	L146D	0.7065	pathogenic
Q8NGV5	L146E	0.5247	ambiguous
Q8NGV5	L146F	0.1073	benign
Q8NGV5	L146G	0.5653	pathogenic
Q8NGV5	L146H	0.2681	benign
Q8NGV5	L146I	0.1058	benign
Q8NGV5	L146K	0.3849	ambiguous
Q8NGV5	L146M	0.1725	benign
Q8NGV5	L146N	0.4712	ambiguous
Q8NGV5	L146P	0.2169	benign
Q8NGV5	L146Q	0.2544	benign
Q8NGV5	L146R	0.2655	benign
Q8NGV5	L146S	0.3417	ambiguous
Q8NGV5	L146T	0.3434	ambiguous
Q8NGV5	L146V	0.1391	benign
Q8NGV5	L146W	0.2539	benign
Q8NGV5	L146Y	0.4063	ambiguous
Q8NGV5	L147A	0.3328	benign
Q8NGV5	L147C	0.5755	pathogenic
Q8NGV5	L147D	0.6858	pathogenic
Q8NGV5	L147E	0.4239	ambiguous
Q8NGV5	L147F	0.143	benign
Q8NGV5	L147G	0.5247	ambiguous
Q8NGV5	L147H	0.2651	benign
Q8NGV5	L147I	0.1618	benign
Q8NGV5	L147K	0.3084	benign
Q8NGV5	L147M	0.1848	benign
Q8NGV5	L147N	0.5109	ambiguous
Q8NGV5	L147P	0.1915	benign
Q8NGV5	L147Q	0.2298	benign
Q8NGV5	L147R	0.2189	benign
Q8NGV5	L147S	0.3279	benign
Q8NGV5	L147T	0.2835	benign
Q8NGV5	L147V	0.1655	benign
Q8NGV5	L147W	0.2267	benign
Q8NGV5	L147Y	0.4367	ambiguous
Q8NGV5	A148C	0.4522	ambiguous
Q8NGV5	A148D	0.3132	benign
Q8NGV5	A148E	0.345	ambiguous
Q8NGV5	A148F	0.3572	ambiguous
Q8NGV5	A148G	0.1355	benign
Q8NGV5	A148H	0.5754	pathogenic
Q8NGV5	A148I	0.2882	benign
Q8NGV5	A148K	0.5601	ambiguous
Q8NGV5	A148L	0.202	benign
Q8NGV5	A148M	0.2707	benign
Q8NGV5	A148N	0.4024	ambiguous
Q8NGV5	A148P	0.2219	benign
Q8NGV5	A148Q	0.4996	ambiguous
Q8NGV5	A148R	0.4475	ambiguous
Q8NGV5	A148S	0.1246	benign
Q8NGV5	A148T	0.1052	benign
Q8NGV5	A148V	0.1332	benign
Q8NGV5	A148W	0.6192	pathogenic
Q8NGV5	A148Y	0.4995	ambiguous
Q8NGV5	V149A	0.1209	benign
Q8NGV5	V149C	0.6192	pathogenic
Q8NGV5	V149D	0.3456	ambiguous
Q8NGV5	V149E	0.3029	benign
Q8NGV5	V149F	0.1286	benign
Q8NGV5	V149G	0.1525	benign
Q8NGV5	V149H	0.5909	pathogenic
Q8NGV5	V149I	0.0942	benign
Q8NGV5	V149K	0.3328	benign
Q8NGV5	V149L	0.1492	benign
Q8NGV5	V149M	0.0908	benign
Q8NGV5	V149N	0.3068	benign
Q8NGV5	V149P	0.5026	ambiguous
Q8NGV5	V149Q	0.3288	benign
Q8NGV5	V149R	0.2872	benign
Q8NGV5	V149S	0.1882	benign
Q8NGV5	V149T	0.1725	benign
Q8NGV5	V149W	0.6379	pathogenic
Q8NGV5	V149Y	0.5194	ambiguous
Q8NGV5	M150A	0.3964	ambiguous
Q8NGV5	M150C	0.7761	pathogenic
Q8NGV5	M150D	0.7819	pathogenic
Q8NGV5	M150E	0.4398	ambiguous
Q8NGV5	M150F	0.4309	ambiguous
Q8NGV5	M150G	0.6247	pathogenic
Q8NGV5	M150H	0.5567	ambiguous
Q8NGV5	M150I	0.4743	ambiguous
Q8NGV5	M150K	0.1893	benign
Q8NGV5	M150L	0.1941	benign
Q8NGV5	M150N	0.5634	ambiguous
Q8NGV5	M150P	0.6279	pathogenic
Q8NGV5	M150Q	0.2911	benign
Q8NGV5	M150R	0.1716	benign
Q8NGV5	M150S	0.4495	ambiguous
Q8NGV5	M150T	0.188	benign
Q8NGV5	M150V	0.1328	benign
Q8NGV5	M150W	0.618	pathogenic
Q8NGV5	M150Y	0.7036	pathogenic
Q8NGV5	A151C	0.5911	pathogenic
Q8NGV5	A151D	0.2956	benign
Q8NGV5	A151E	0.3821	ambiguous
Q8NGV5	A151F	0.4843	ambiguous
Q8NGV5	A151G	0.1686	benign
Q8NGV5	A151H	0.6556	pathogenic
Q8NGV5	A151I	0.4072	ambiguous
Q8NGV5	A151K	0.6492	pathogenic
Q8NGV5	A151L	0.3181	benign
Q8NGV5	A151M	0.4269	ambiguous
Q8NGV5	A151N	0.4325	ambiguous
Q8NGV5	A151P	0.2677	benign
Q8NGV5	A151Q	0.5697	pathogenic
Q8NGV5	A151R	0.5209	ambiguous
Q8NGV5	A151S	0.1248	benign
Q8NGV5	A151T	0.1428	benign
Q8NGV5	A151V	0.1897	benign
Q8NGV5	A151W	0.8177	pathogenic
Q8NGV5	A151Y	0.617	pathogenic
Q8NGV5	Y152A	0.3423	ambiguous
Q8NGV5	Y152C	0.075	benign
Q8NGV5	Y152D	0.2363	benign
Q8NGV5	Y152E	0.5536	ambiguous
Q8NGV5	Y152F	0.1054	benign
Q8NGV5	Y152G	0.2531	benign
Q8NGV5	Y152H	0.1923	benign
Q8NGV5	Y152I	0.2905	benign
Q8NGV5	Y152K	0.4602	ambiguous
Q8NGV5	Y152L	0.2886	benign
Q8NGV5	Y152M	0.4381	ambiguous
Q8NGV5	Y152N	0.1777	benign
Q8NGV5	Y152P	0.5691	pathogenic
Q8NGV5	Y152Q	0.4217	ambiguous
Q8NGV5	Y152R	0.2904	benign
Q8NGV5	Y152S	0.1452	benign
Q8NGV5	Y152T	0.3049	benign
Q8NGV5	Y152V	0.2484	benign
Q8NGV5	Y152W	0.2136	benign
Q8NGV5	D153A	0.2727	benign
Q8NGV5	D153C	0.5481	ambiguous
Q8NGV5	D153E	0.3823	ambiguous
Q8NGV5	D153F	0.5885	pathogenic
Q8NGV5	D153G	0.199	benign
Q8NGV5	D153H	0.2164	benign
Q8NGV5	D153I	0.4032	ambiguous
Q8NGV5	D153K	0.4027	ambiguous
Q8NGV5	D153L	0.4436	ambiguous
Q8NGV5	D153M	0.7654	pathogenic
Q8NGV5	D153N	0.1382	benign
Q8NGV5	D153P	0.6684	pathogenic
Q8NGV5	D153Q	0.4559	ambiguous
Q8NGV5	D153R	0.3266	benign
Q8NGV5	D153S	0.1865	benign
Q8NGV5	D153T	0.3918	ambiguous
Q8NGV5	D153V	0.2798	benign
Q8NGV5	D153W	0.8444	pathogenic
Q8NGV5	D153Y	0.1671	benign
Q8NGV5	H154A	0.3024	benign
Q8NGV5	H154C	0.0757	benign
Q8NGV5	H154D	0.2556	benign
Q8NGV5	H154E	0.3011	benign
Q8NGV5	H154F	0.3404	ambiguous
Q8NGV5	H154G	0.189	benign
Q8NGV5	H154I	0.2777	benign
Q8NGV5	H154K	0.1977	benign
Q8NGV5	H154L	0.136	benign
Q8NGV5	H154M	0.4681	ambiguous
Q8NGV5	H154N	0.2342	benign
Q8NGV5	H154P	0.2783	benign
Q8NGV5	H154Q	0.1336	benign
Q8NGV5	H154R	0.0446	benign
Q8NGV5	H154S	0.215	benign
Q8NGV5	H154T	0.2718	benign
Q8NGV5	H154V	0.2908	benign
Q8NGV5	H154W	0.1871	benign
Q8NGV5	H154Y	0.1185	benign
Q8NGV5	Y155A	0.3733	ambiguous
Q8NGV5	Y155C	0.0954	benign
Q8NGV5	Y155D	0.1923	benign
Q8NGV5	Y155E	0.5797	pathogenic
Q8NGV5	Y155F	0.1221	benign
Q8NGV5	Y155G	0.3022	benign
Q8NGV5	Y155H	0.1614	benign
Q8NGV5	Y155I	0.4163	ambiguous
Q8NGV5	Y155K	0.5203	ambiguous
Q8NGV5	Y155L	0.37	ambiguous
Q8NGV5	Y155M	0.5509	ambiguous
Q8NGV5	Y155N	0.165	benign
Q8NGV5	Y155P	0.6682	pathogenic
Q8NGV5	Y155Q	0.4773	ambiguous
Q8NGV5	Y155R	0.3245	benign
Q8NGV5	Y155S	0.1534	benign
Q8NGV5	Y155T	0.3599	ambiguous
Q8NGV5	Y155V	0.3318	benign
Q8NGV5	Y155W	0.3674	ambiguous
Q8NGV5	V156A	0.1228	benign
Q8NGV5	V156C	0.6814	pathogenic
Q8NGV5	V156D	0.366	ambiguous
Q8NGV5	V156E	0.251	benign
Q8NGV5	V156F	0.1683	benign
Q8NGV5	V156G	0.2129	benign
Q8NGV5	V156H	0.568	pathogenic
Q8NGV5	V156I	0.0989	benign
Q8NGV5	V156K	0.2757	benign
Q8NGV5	V156L	0.1659	benign
Q8NGV5	V156M	0.0996	benign
Q8NGV5	V156N	0.3435	ambiguous
Q8NGV5	V156P	0.6062	pathogenic
Q8NGV5	V156Q	0.3	benign
Q8NGV5	V156R	0.2134	benign
Q8NGV5	V156S	0.237	benign
Q8NGV5	V156T	0.1786	benign
Q8NGV5	V156W	0.7018	pathogenic
Q8NGV5	V156Y	0.5488	ambiguous
Q8NGV5	A157C	0.6305	pathogenic
Q8NGV5	A157D	0.3184	benign
Q8NGV5	A157E	0.3812	ambiguous
Q8NGV5	A157F	0.4192	ambiguous
Q8NGV5	A157G	0.2328	benign
Q8NGV5	A157H	0.6255	pathogenic
Q8NGV5	A157I	0.3883	ambiguous
Q8NGV5	A157K	0.6009	pathogenic
Q8NGV5	A157L	0.2916	benign
Q8NGV5	A157M	0.405	ambiguous
Q8NGV5	A157N	0.4797	ambiguous
Q8NGV5	A157P	0.3456	ambiguous
Q8NGV5	A157Q	0.523	ambiguous
Q8NGV5	A157R	0.4642	ambiguous
Q8NGV5	A157S	0.1478	benign
Q8NGV5	A157T	0.1531	benign
Q8NGV5	A157V	0.1781	benign
Q8NGV5	A157W	0.8223	pathogenic
Q8NGV5	A157Y	0.5955	pathogenic
Q8NGV5	I158A	0.3864	ambiguous
Q8NGV5	I158C	0.7187	pathogenic
Q8NGV5	I158D	0.6422	pathogenic
Q8NGV5	I158E	0.6293	pathogenic
Q8NGV5	I158F	0.1513	benign
Q8NGV5	I158G	0.6468	pathogenic
Q8NGV5	I158H	0.5623	ambiguous
Q8NGV5	I158K	0.4314	ambiguous
Q8NGV5	I158L	0.1761	benign
Q8NGV5	I158M	0.186	benign
Q8NGV5	I158N	0.2858	benign
Q8NGV5	I158P	0.6242	pathogenic
Q8NGV5	I158Q	0.5619	ambiguous
Q8NGV5	I158R	0.2942	benign
Q8NGV5	I158S	0.2948	benign
Q8NGV5	I158T	0.2791	benign
Q8NGV5	I158V	0.098	benign
Q8NGV5	I158W	0.7719	pathogenic
Q8NGV5	I158Y	0.5302	ambiguous
Q8NGV5	C159A	0.4539	ambiguous
Q8NGV5	C159D	0.5343	ambiguous
Q8NGV5	C159E	0.6917	pathogenic
Q8NGV5	C159F	0.1823	benign
Q8NGV5	C159G	0.1493	benign
Q8NGV5	C159H	0.3253	benign
Q8NGV5	C159I	0.522	ambiguous
Q8NGV5	C159K	0.5862	pathogenic
Q8NGV5	C159L	0.4432	ambiguous
Q8NGV5	C159M	0.7171	pathogenic
Q8NGV5	C159N	0.4734	ambiguous
Q8NGV5	C159P	0.6871	pathogenic
Q8NGV5	C159Q	0.4655	ambiguous
Q8NGV5	C159R	0.1982	benign
Q8NGV5	C159S	0.2467	benign
Q8NGV5	C159T	0.4713	ambiguous
Q8NGV5	C159V	0.5012	ambiguous
Q8NGV5	C159W	0.2949	benign
Q8NGV5	C159Y	0.1971	benign
Q8NGV5	N160A	0.2288	benign
Q8NGV5	N160C	0.1621	benign
Q8NGV5	N160D	0.1154	benign
Q8NGV5	N160E	0.3012	benign
Q8NGV5	N160F	0.2679	benign
Q8NGV5	N160G	0.327	benign
Q8NGV5	N160H	0.0705	benign
Q8NGV5	N160I	0.123	benign
Q8NGV5	N160K	0.1735	benign
Q8NGV5	N160L	0.1476	benign
Q8NGV5	N160M	0.2488	benign
Q8NGV5	N160P	0.4566	ambiguous
Q8NGV5	N160Q	0.2309	benign
Q8NGV5	N160R	0.1665	benign
Q8NGV5	N160S	0.0824	benign
Q8NGV5	N160T	0.1421	benign
Q8NGV5	N160V	0.1614	benign
Q8NGV5	N160W	0.4854	ambiguous
Q8NGV5	N160Y	0.0758	benign
Q8NGV5	P161A	0.1938	benign
Q8NGV5	P161C	0.4841	ambiguous
Q8NGV5	P161D	0.5694	pathogenic
Q8NGV5	P161E	0.4837	ambiguous
Q8NGV5	P161F	0.4819	ambiguous
Q8NGV5	P161G	0.5121	ambiguous
Q8NGV5	P161H	0.1774	benign
Q8NGV5	P161I	0.3662	ambiguous
Q8NGV5	P161K	0.3754	ambiguous
Q8NGV5	P161L	0.1617	benign
Q8NGV5	P161M	0.5052	ambiguous
Q8NGV5	P161N	0.4912	ambiguous
Q8NGV5	P161Q	0.2701	benign
Q8NGV5	P161R	0.1769	benign
Q8NGV5	P161S	0.2045	benign
Q8NGV5	P161T	0.173	benign
Q8NGV5	P161V	0.3456	ambiguous
Q8NGV5	P161W	0.6085	pathogenic
Q8NGV5	P161Y	0.4379	ambiguous
Q8NGV5	L162A	0.3307	benign
Q8NGV5	L162C	0.4973	ambiguous
Q8NGV5	L162D	0.6754	pathogenic
Q8NGV5	L162E	0.3722	ambiguous
Q8NGV5	L162F	0.1312	benign
Q8NGV5	L162G	0.4963	ambiguous
Q8NGV5	L162H	0.2357	benign
Q8NGV5	L162I	0.161	benign
Q8NGV5	L162K	0.251	benign
Q8NGV5	L162M	0.1825	benign
Q8NGV5	L162N	0.4903	ambiguous
Q8NGV5	L162P	0.1801	benign
Q8NGV5	L162Q	0.1732	benign
Q8NGV5	L162R	0.1676	benign
Q8NGV5	L162S	0.2764	benign
Q8NGV5	L162T	0.3369	benign
Q8NGV5	L162V	0.1533	benign
Q8NGV5	L162W	0.19	benign
Q8NGV5	L162Y	0.3888	ambiguous
Q8NGV5	R163A	0.3474	ambiguous
Q8NGV5	R163C	0.088	benign
Q8NGV5	R163D	0.4631	ambiguous
Q8NGV5	R163E	0.2717	benign
Q8NGV5	R163F	0.337	benign
Q8NGV5	R163G	0.1505	benign
Q8NGV5	R163H	0.0825	benign
Q8NGV5	R163I	0.1937	benign
Q8NGV5	R163K	0.1298	benign
Q8NGV5	R163L	0.1504	benign
Q8NGV5	R163M	0.2498	benign
Q8NGV5	R163N	0.3897	ambiguous
Q8NGV5	R163P	0.3437	ambiguous
Q8NGV5	R163Q	0.0944	benign
Q8NGV5	R163S	0.312	benign
Q8NGV5	R163T	0.2322	benign
Q8NGV5	R163V	0.3071	benign
Q8NGV5	R163W	0.0981	benign
Q8NGV5	R163Y	0.2104	benign
Q8NGV5	Y164A	0.5825	pathogenic
Q8NGV5	Y164C	0.2126	benign
Q8NGV5	Y164D	0.2344	benign
Q8NGV5	Y164E	0.6525	pathogenic
Q8NGV5	Y164F	0.1922	benign
Q8NGV5	Y164G	0.3996	ambiguous
Q8NGV5	Y164H	0.3002	benign
Q8NGV5	Y164I	0.5249	ambiguous
Q8NGV5	Y164K	0.6198	pathogenic
Q8NGV5	Y164L	0.4917	ambiguous
Q8NGV5	Y164M	0.7261	pathogenic
Q8NGV5	Y164N	0.213	benign
Q8NGV5	Y164P	0.5876	pathogenic
Q8NGV5	Y164Q	0.6058	pathogenic
Q8NGV5	Y164R	0.4809	ambiguous
Q8NGV5	Y164S	0.2783	benign
Q8NGV5	Y164T	0.5609	ambiguous
Q8NGV5	Y164V	0.4443	ambiguous
Q8NGV5	Y164W	0.5155	ambiguous
Q8NGV5	S165A	0.0844	benign
Q8NGV5	S165C	0.093	benign
Q8NGV5	S165D	0.2634	benign
Q8NGV5	S165E	0.3225	benign
Q8NGV5	S165F	0.1643	benign
Q8NGV5	S165G	0.1002	benign
Q8NGV5	S165H	0.1659	benign
Q8NGV5	S165I	0.1419	benign
Q8NGV5	S165K	0.3792	ambiguous
Q8NGV5	S165L	0.1028	benign
Q8NGV5	S165M	0.2077	benign
Q8NGV5	S165N	0.1337	benign
Q8NGV5	S165P	0.0543	benign
Q8NGV5	S165Q	0.2689	benign
Q8NGV5	S165R	0.2503	benign
Q8NGV5	S165T	0.0823	benign
Q8NGV5	S165V	0.155	benign
Q8NGV5	S165W	0.1705	benign
Q8NGV5	S165Y	0.1202	benign
Q8NGV5	I166A	0.1659	benign
Q8NGV5	I166C	0.4442	ambiguous
Q8NGV5	I166D	0.2861	benign
Q8NGV5	I166E	0.2986	benign
Q8NGV5	I166F	0.1072	benign
Q8NGV5	I166G	0.3218	benign
Q8NGV5	I166H	0.2814	benign
Q8NGV5	I166K	0.209	benign
Q8NGV5	I166L	0.0951	benign
Q8NGV5	I166M	0.0884	benign
Q8NGV5	I166N	0.1075	benign
Q8NGV5	I166P	0.3724	ambiguous
Q8NGV5	I166Q	0.2608	benign
Q8NGV5	I166R	0.1316	benign
Q8NGV5	I166S	0.129	benign
Q8NGV5	I166T	0.1151	benign
Q8NGV5	I166V	0.0658	benign
Q8NGV5	I166W	0.5521	ambiguous
Q8NGV5	I166Y	0.3273	benign
Q8NGV5	I167A	0.2757	benign
Q8NGV5	I167C	0.5525	ambiguous
Q8NGV5	I167D	0.5507	ambiguous
Q8NGV5	I167E	0.4631	ambiguous
Q8NGV5	I167F	0.1114	benign
Q8NGV5	I167G	0.5209	ambiguous
Q8NGV5	I167H	0.3264	benign
Q8NGV5	I167K	0.2309	benign
Q8NGV5	I167L	0.1064	benign
Q8NGV5	I167M	0.1129	benign
Q8NGV5	I167N	0.2066	benign
Q8NGV5	I167P	0.5305	ambiguous
Q8NGV5	I167Q	0.3102	benign
Q8NGV5	I167R	0.1403	benign
Q8NGV5	I167S	0.2103	benign
Q8NGV5	I167T	0.1511	benign
Q8NGV5	I167V	0.1002	benign
Q8NGV5	I167W	0.5483	ambiguous
Q8NGV5	I167Y	0.3708	ambiguous
Q8NGV5	M168A	0.5012	ambiguous
Q8NGV5	M168C	0.707	pathogenic
Q8NGV5	M168D	0.8031	pathogenic
Q8NGV5	M168E	0.4734	ambiguous
Q8NGV5	M168F	0.4136	ambiguous
Q8NGV5	M168G	0.6097	pathogenic
Q8NGV5	M168H	0.5523	ambiguous
Q8NGV5	M168I	0.3392	benign
Q8NGV5	M168K	0.171	benign
Q8NGV5	M168L	0.1676	benign
Q8NGV5	M168N	0.5873	pathogenic
Q8NGV5	M168P	0.6209	pathogenic
Q8NGV5	M168Q	0.2648	benign
Q8NGV5	M168R	0.1499	benign
Q8NGV5	M168S	0.4893	ambiguous
Q8NGV5	M168T	0.2136	benign
Q8NGV5	M168V	0.1058	benign
Q8NGV5	M168W	0.5164	ambiguous
Q8NGV5	M168Y	0.6961	pathogenic
Q8NGV5	N169A	0.2212	benign
Q8NGV5	N169C	0.2526	benign
Q8NGV5	N169D	0.1101	benign
Q8NGV5	N169E	0.2935	benign
Q8NGV5	N169F	0.4788	ambiguous
Q8NGV5	N169G	0.2354	benign
Q8NGV5	N169H	0.1003	benign
Q8NGV5	N169I	0.235	benign
Q8NGV5	N169K	0.1635	benign
Q8NGV5	N169L	0.267	benign
Q8NGV5	N169M	0.326	benign
Q8NGV5	N169P	0.4161	ambiguous
Q8NGV5	N169Q	0.2795	benign
Q8NGV5	N169R	0.1632	benign
Q8NGV5	N169S	0.0825	benign
Q8NGV5	N169T	0.1238	benign
Q8NGV5	N169V	0.2761	benign
Q8NGV5	N169W	0.5648	pathogenic
Q8NGV5	N169Y	0.1342	benign
Q8NGV5	G170A	0.1024	benign
Q8NGV5	G170C	0.1526	benign
Q8NGV5	G170D	0.122	benign
Q8NGV5	G170E	0.0823	benign
Q8NGV5	G170F	0.312	benign
Q8NGV5	G170H	0.136	benign
Q8NGV5	G170I	0.1329	benign
Q8NGV5	G170K	0.0911	benign
Q8NGV5	G170L	0.2151	benign
Q8NGV5	G170M	0.2053	benign
Q8NGV5	G170N	0.1807	benign
Q8NGV5	G170P	0.3028	benign
Q8NGV5	G170Q	0.1131	benign
Q8NGV5	G170R	0.065	benign
Q8NGV5	G170S	0.0963	benign
Q8NGV5	G170T	0.1041	benign
Q8NGV5	G170V	0.1137	benign
Q8NGV5	G170W	0.1401	benign
Q8NGV5	G170Y	0.1888	benign
Q8NGV5	V171A	0.0826	benign
Q8NGV5	V171C	0.371	ambiguous
Q8NGV5	V171D	0.0982	benign
Q8NGV5	V171E	0.1205	benign
Q8NGV5	V171F	0.0662	benign
Q8NGV5	V171G	0.0812	benign
Q8NGV5	V171H	0.1849	benign
Q8NGV5	V171I	0.0695	benign
Q8NGV5	V171K	0.0994	benign
Q8NGV5	V171L	0.1014	benign
Q8NGV5	V171M	0.0889	benign
Q8NGV5	V171N	0.0955	benign
Q8NGV5	V171P	0.1617	benign
Q8NGV5	V171Q	0.1276	benign
Q8NGV5	V171R	0.0853	benign
Q8NGV5	V171S	0.0922	benign
Q8NGV5	V171T	0.1087	benign
Q8NGV5	V171W	0.3473	ambiguous
Q8NGV5	V171Y	0.1908	benign
Q8NGV5	L172A	0.1577	benign
Q8NGV5	L172C	0.2488	benign
Q8NGV5	L172D	0.4157	ambiguous
Q8NGV5	L172E	0.2703	benign
Q8NGV5	L172F	0.0962	benign
Q8NGV5	L172G	0.2678	benign
Q8NGV5	L172H	0.1318	benign
Q8NGV5	L172I	0.0872	benign
Q8NGV5	L172K	0.1507	benign
Q8NGV5	L172M	0.1221	benign
Q8NGV5	L172N	0.2355	benign
Q8NGV5	L172P	0.1405	benign
Q8NGV5	L172Q	0.1114	benign
Q8NGV5	L172R	0.0901	benign
Q8NGV5	L172S	0.1403	benign
Q8NGV5	L172T	0.1303	benign
Q8NGV5	L172V	0.0827	benign
Q8NGV5	L172W	0.1286	benign
Q8NGV5	L172Y	0.2366	benign
Q8NGV5	Y173A	0.2187	benign
Q8NGV5	Y173C	0.0519	benign
Q8NGV5	Y173D	0.151	benign
Q8NGV5	Y173E	0.3918	ambiguous
Q8NGV5	Y173F	0.1117	benign
Q8NGV5	Y173G	0.1661	benign
Q8NGV5	Y173H	0.1251	benign
Q8NGV5	Y173I	0.2913	benign
Q8NGV5	Y173K	0.3541	ambiguous
Q8NGV5	Y173L	0.2317	benign
Q8NGV5	Y173M	0.4364	ambiguous
Q8NGV5	Y173N	0.1253	benign
Q8NGV5	Y173P	0.277	benign
Q8NGV5	Y173Q	0.2841	benign
Q8NGV5	Y173R	0.1879	benign
Q8NGV5	Y173S	0.1019	benign
Q8NGV5	Y173T	0.2302	benign
Q8NGV5	Y173V	0.2313	benign
Q8NGV5	Y173W	0.2426	benign
Q8NGV5	V174A	0.1099	benign
Q8NGV5	V174C	0.4326	ambiguous
Q8NGV5	V174D	0.217	benign
Q8NGV5	V174E	0.191	benign
Q8NGV5	V174F	0.0822	benign
Q8NGV5	V174G	0.0958	benign
Q8NGV5	V174H	0.3207	benign
Q8NGV5	V174I	0.0782	benign
Q8NGV5	V174K	0.1684	benign
Q8NGV5	V174L	0.1082	benign
Q8NGV5	V174M	0.0904	benign
Q8NGV5	V174N	0.1993	benign
Q8NGV5	V174P	0.3142	benign
Q8NGV5	V174Q	0.1849	benign
Q8NGV5	V174R	0.1297	benign
Q8NGV5	V174S	0.1363	benign
Q8NGV5	V174T	0.1364	benign
Q8NGV5	V174W	0.379	ambiguous
Q8NGV5	V174Y	0.2798	benign
Q8NGV5	Q175A	0.1797	benign
Q8NGV5	Q175C	0.3058	benign
Q8NGV5	Q175D	0.2875	benign
Q8NGV5	Q175E	0.0859	benign
Q8NGV5	Q175F	0.3753	ambiguous
Q8NGV5	Q175G	0.1759	benign
Q8NGV5	Q175H	0.1306	benign
Q8NGV5	Q175I	0.242	benign
Q8NGV5	Q175K	0.0807	benign
Q8NGV5	Q175L	0.1042	benign
Q8NGV5	Q175M	0.2964	benign
Q8NGV5	Q175N	0.2108	benign
Q8NGV5	Q175P	0.1035	benign
Q8NGV5	Q175R	0.0736	benign
Q8NGV5	Q175S	0.1614	benign
Q8NGV5	Q175T	0.1638	benign
Q8NGV5	Q175V	0.1907	benign
Q8NGV5	Q175W	0.2167	benign
Q8NGV5	Q175Y	0.2162	benign
Q8NGV5	M176A	0.364	ambiguous
Q8NGV5	M176C	0.7021	pathogenic
Q8NGV5	M176D	0.7816	pathogenic
Q8NGV5	M176E	0.5145	ambiguous
Q8NGV5	M176F	0.3176	benign
Q8NGV5	M176G	0.5396	ambiguous
Q8NGV5	M176H	0.5715	pathogenic
Q8NGV5	M176I	0.2946	benign
Q8NGV5	M176K	0.1956	benign
Q8NGV5	M176L	0.1032	benign
Q8NGV5	M176N	0.5581	ambiguous
Q8NGV5	M176P	0.5885	pathogenic
Q8NGV5	M176Q	0.3631	ambiguous
Q8NGV5	M176R	0.2174	benign
Q8NGV5	M176S	0.4724	ambiguous
Q8NGV5	M176T	0.2019	benign
Q8NGV5	M176V	0.1128	benign
Q8NGV5	M176W	0.5595	ambiguous
Q8NGV5	M176Y	0.5748	pathogenic
Q8NGV5	A177C	0.5273	ambiguous
Q8NGV5	A177D	0.3019	benign
Q8NGV5	A177E	0.2644	benign
Q8NGV5	A177F	0.3716	ambiguous
Q8NGV5	A177G	0.1515	benign
Q8NGV5	A177H	0.6077	pathogenic
Q8NGV5	A177I	0.2382	benign
Q8NGV5	A177K	0.4927	ambiguous
Q8NGV5	A177L	0.1999	benign
Q8NGV5	A177M	0.2413	benign
Q8NGV5	A177N	0.3932	ambiguous
Q8NGV5	A177P	0.226	benign
Q8NGV5	A177Q	0.4849	ambiguous
Q8NGV5	A177R	0.4381	ambiguous
Q8NGV5	A177S	0.1347	benign
Q8NGV5	A177T	0.1056	benign
Q8NGV5	A177V	0.1055	benign
Q8NGV5	A177W	0.7041	pathogenic
Q8NGV5	A177Y	0.5045	ambiguous
Q8NGV5	A178C	0.3419	ambiguous
Q8NGV5	A178D	0.3106	benign
Q8NGV5	A178E	0.301	benign
Q8NGV5	A178F	0.1729	benign
Q8NGV5	A178G	0.1089	benign
Q8NGV5	A178H	0.4921	ambiguous
Q8NGV5	A178I	0.1265	benign
Q8NGV5	A178K	0.3834	ambiguous
Q8NGV5	A178L	0.113	benign
Q8NGV5	A178M	0.1578	benign
Q8NGV5	A178N	0.2805	benign
Q8NGV5	A178P	0.25	benign
Q8NGV5	A178Q	0.3913	ambiguous
Q8NGV5	A178R	0.3225	benign
Q8NGV5	A178S	0.1038	benign
Q8NGV5	A178T	0.0751	benign
Q8NGV5	A178V	0.0855	benign
Q8NGV5	A178W	0.5014	ambiguous
Q8NGV5	A178Y	0.3344	benign
Q8NGV5	W179A	0.086	benign
Q8NGV5	W179C	0.1309	benign
Q8NGV5	W179D	0.3628	ambiguous
Q8NGV5	W179E	0.3794	ambiguous
Q8NGV5	W179F	0.0755	benign
Q8NGV5	W179G	0.0515	benign
Q8NGV5	W179H	0.3749	ambiguous
Q8NGV5	W179I	0.0934	benign
Q8NGV5	W179K	0.3666	ambiguous
Q8NGV5	W179L	0.0649	benign
Q8NGV5	W179M	0.1536	benign
Q8NGV5	W179N	0.2829	benign
Q8NGV5	W179P	0.368	ambiguous
Q8NGV5	W179Q	0.3609	ambiguous
Q8NGV5	W179R	0.2785	benign
Q8NGV5	W179S	0.0648	benign
Q8NGV5	W179T	0.0883	benign
Q8NGV5	W179V	0.0806	benign
Q8NGV5	W179Y	0.1615	benign
Q8NGV5	S180A	0.0859	benign
Q8NGV5	S180C	0.0852	benign
Q8NGV5	S180D	0.573	pathogenic
Q8NGV5	S180E	0.6357	pathogenic
Q8NGV5	S180F	0.2058	benign
Q8NGV5	S180G	0.0944	benign
Q8NGV5	S180H	0.5176	ambiguous
Q8NGV5	S180I	0.1562	benign
Q8NGV5	S180K	0.7649	pathogenic
Q8NGV5	S180L	0.0963	benign
Q8NGV5	S180M	0.2592	benign
Q8NGV5	S180N	0.2308	benign
Q8NGV5	S180P	0.1214	benign
Q8NGV5	S180Q	0.6491	pathogenic
Q8NGV5	S180R	0.6341	pathogenic
Q8NGV5	S180T	0.1082	benign
Q8NGV5	S180V	0.1776	benign
Q8NGV5	S180W	0.2768	benign
Q8NGV5	S180Y	0.1872	benign
Q8NGV5	W181A	0.3779	ambiguous
Q8NGV5	W181C	0.3761	ambiguous
Q8NGV5	W181D	0.6937	pathogenic
Q8NGV5	W181E	0.5943	pathogenic
Q8NGV5	W181F	0.229	benign
Q8NGV5	W181G	0.1632	benign
Q8NGV5	W181H	0.5887	pathogenic
Q8NGV5	W181I	0.378	ambiguous
Q8NGV5	W181K	0.6255	pathogenic
Q8NGV5	W181L	0.2096	benign
Q8NGV5	W181M	0.4593	ambiguous
Q8NGV5	W181N	0.6204	pathogenic
Q8NGV5	W181P	0.7183	pathogenic
Q8NGV5	W181Q	0.5755	pathogenic
Q8NGV5	W181R	0.4665	ambiguous
Q8NGV5	W181S	0.2226	benign
Q8NGV5	W181T	0.3622	ambiguous
Q8NGV5	W181V	0.318	benign
Q8NGV5	W181Y	0.3751	ambiguous
Q8NGV5	I182A	0.1777	benign
Q8NGV5	I182C	0.359	ambiguous
Q8NGV5	I182D	0.4637	ambiguous
Q8NGV5	I182E	0.399	ambiguous
Q8NGV5	I182F	0.0982	benign
Q8NGV5	I182G	0.2312	benign
Q8NGV5	I182H	0.3795	ambiguous
Q8NGV5	I182K	0.274	benign
Q8NGV5	I182L	0.0726	benign
Q8NGV5	I182M	0.0697	benign
Q8NGV5	I182N	0.1432	benign
Q8NGV5	I182P	0.5936	pathogenic
Q8NGV5	I182Q	0.314	benign
Q8NGV5	I182R	0.2076	benign
Q8NGV5	I182S	0.1342	benign
Q8NGV5	I182T	0.1384	benign
Q8NGV5	I182V	0.0826	benign
Q8NGV5	I182W	0.5357	ambiguous
Q8NGV5	I182Y	0.3392	benign
Q8NGV5	I183A	0.0834	benign
Q8NGV5	I183C	0.3973	ambiguous
Q8NGV5	I183D	0.4479	ambiguous
Q8NGV5	I183E	0.4099	ambiguous
Q8NGV5	I183F	0.0783	benign
Q8NGV5	I183G	0.2356	benign
Q8NGV5	I183H	0.3353	benign
Q8NGV5	I183K	0.2623	benign
Q8NGV5	I183L	0.083	benign
Q8NGV5	I183M	0.0745	benign
Q8NGV5	I183N	0.1746	benign
Q8NGV5	I183P	0.2314	benign
Q8NGV5	I183Q	0.3226	benign
Q8NGV5	I183R	0.1753	benign
Q8NGV5	I183S	0.0987	benign
Q8NGV5	I183T	0.049	benign
Q8NGV5	I183V	0.0776	benign
Q8NGV5	I183W	0.3611	ambiguous
Q8NGV5	I183Y	0.3173	benign
Q8NGV5	G184A	0.1391	benign
Q8NGV5	G184C	0.1755	benign
Q8NGV5	G184D	0.2488	benign
Q8NGV5	G184E	0.2564	benign
Q8NGV5	G184F	0.4293	ambiguous
Q8NGV5	G184H	0.3737	ambiguous
Q8NGV5	G184I	0.202	benign
Q8NGV5	G184K	0.4421	ambiguous
Q8NGV5	G184L	0.3377	benign
Q8NGV5	G184M	0.4476	ambiguous
Q8NGV5	G184N	0.3719	ambiguous
Q8NGV5	G184P	0.6457	pathogenic
Q8NGV5	G184Q	0.3517	ambiguous
Q8NGV5	G184R	0.2258	benign
Q8NGV5	G184S	0.0927	benign
Q8NGV5	G184T	0.2029	benign
Q8NGV5	G184V	0.1556	benign
Q8NGV5	G184W	0.2602	benign
Q8NGV5	G184Y	0.3238	benign
Q8NGV5	C185A	0.2144	benign
Q8NGV5	C185D	0.4607	ambiguous
Q8NGV5	C185E	0.6974	pathogenic
Q8NGV5	C185F	0.0589	benign
Q8NGV5	C185G	0.0929	benign
Q8NGV5	C185H	0.3594	ambiguous
Q8NGV5	C185I	0.1669	benign
Q8NGV5	C185K	0.7034	pathogenic
Q8NGV5	C185L	0.1545	benign
Q8NGV5	C185M	0.3361	benign
Q8NGV5	C185N	0.2862	benign
Q8NGV5	C185P	0.5782	pathogenic
Q8NGV5	C185Q	0.5625	ambiguous
Q8NGV5	C185R	0.4253	ambiguous
Q8NGV5	C185S	0.1246	benign
Q8NGV5	C185T	0.2483	benign
Q8NGV5	C185V	0.1975	benign
Q8NGV5	C185W	0.2078	benign
Q8NGV5	C185Y	0.1039	benign
Q8NGV5	L186A	0.1567	benign
Q8NGV5	L186C	0.2927	benign
Q8NGV5	L186D	0.583	pathogenic
Q8NGV5	L186E	0.3876	ambiguous
Q8NGV5	L186F	0.0839	benign
Q8NGV5	L186G	0.2615	benign
Q8NGV5	L186H	0.2409	benign
Q8NGV5	L186I	0.0947	benign
Q8NGV5	L186K	0.3425	ambiguous
Q8NGV5	L186M	0.109	benign
Q8NGV5	L186N	0.3034	benign
Q8NGV5	L186P	0.25	benign
Q8NGV5	L186Q	0.1823	benign
Q8NGV5	L186R	0.2732	benign
Q8NGV5	L186S	0.1256	benign
Q8NGV5	L186T	0.1278	benign
Q8NGV5	L186V	0.0955	benign
Q8NGV5	L186W	0.1723	benign
Q8NGV5	L186Y	0.3195	benign
Q8NGV5	T187A	0.0796	benign
Q8NGV5	T187C	0.2891	benign
Q8NGV5	T187D	0.2865	benign
Q8NGV5	T187E	0.3121	benign
Q8NGV5	T187F	0.1352	benign
Q8NGV5	T187G	0.1866	benign
Q8NGV5	T187H	0.1867	benign
Q8NGV5	T187I	0.0873	benign
Q8NGV5	T187K	0.219	benign
Q8NGV5	T187L	0.0837	benign
Q8NGV5	T187M	0.0876	benign
Q8NGV5	T187N	0.0876	benign
Q8NGV5	T187P	0.0796	benign
Q8NGV5	T187Q	0.2447	benign
Q8NGV5	T187R	0.1757	benign
Q8NGV5	T187S	0.0982	benign
Q8NGV5	T187V	0.1124	benign
Q8NGV5	T187W	0.3928	ambiguous
Q8NGV5	T187Y	0.1537	benign
Q8NGV5	S188A	0.0792	benign
Q8NGV5	S188C	0.1391	benign
Q8NGV5	S188D	0.6569	pathogenic
Q8NGV5	S188E	0.7296	pathogenic
Q8NGV5	S188F	0.2222	benign
Q8NGV5	S188G	0.1078	benign
Q8NGV5	S188H	0.5788	pathogenic
Q8NGV5	S188I	0.2269	benign
Q8NGV5	S188K	0.8411	pathogenic
Q8NGV5	S188L	0.1312	benign
Q8NGV5	S188M	0.3472	ambiguous
Q8NGV5	S188N	0.3551	ambiguous
Q8NGV5	S188P	0.1493	benign
Q8NGV5	S188Q	0.7121	pathogenic
Q8NGV5	S188R	0.7174	pathogenic
Q8NGV5	S188T	0.1485	benign
Q8NGV5	S188V	0.2321	benign
Q8NGV5	S188W	0.3349	benign
Q8NGV5	S188Y	0.2069	benign
Q8NGV5	L189A	0.2027	benign
Q8NGV5	L189C	0.3675	ambiguous
Q8NGV5	L189D	0.6412	pathogenic
Q8NGV5	L189E	0.4734	ambiguous
Q8NGV5	L189F	0.091	benign
Q8NGV5	L189G	0.348	ambiguous
Q8NGV5	L189H	0.2685	benign
Q8NGV5	L189I	0.0912	benign
Q8NGV5	L189K	0.4073	ambiguous
Q8NGV5	L189M	0.1198	benign
Q8NGV5	L189N	0.3553	ambiguous
Q8NGV5	L189P	0.2944	benign
Q8NGV5	L189Q	0.2319	benign
Q8NGV5	L189R	0.3096	benign
Q8NGV5	L189S	0.1694	benign
Q8NGV5	L189T	0.1668	benign
Q8NGV5	L189V	0.1004	benign
Q8NGV5	L189W	0.1969	benign
Q8NGV5	L189Y	0.3192	benign
Q8NGV5	L190A	0.1899	benign
Q8NGV5	L190C	0.3842	ambiguous
Q8NGV5	L190D	0.6497	pathogenic
Q8NGV5	L190E	0.4162	ambiguous
Q8NGV5	L190F	0.1229	benign
Q8NGV5	L190G	0.2982	benign
Q8NGV5	L190H	0.2799	benign
Q8NGV5	L190I	0.1051	benign
Q8NGV5	L190K	0.3712	ambiguous
Q8NGV5	L190M	0.1331	benign
Q8NGV5	L190N	0.3864	ambiguous
Q8NGV5	L190P	0.1615	benign
Q8NGV5	L190Q	0.1981	benign
Q8NGV5	L190R	0.2927	benign
Q8NGV5	L190S	0.1754	benign
Q8NGV5	L190T	0.1675	benign
Q8NGV5	L190V	0.1115	benign
Q8NGV5	L190W	0.1951	benign
Q8NGV5	L190Y	0.3779	ambiguous
Q8NGV5	Q191A	0.2735	benign
Q8NGV5	Q191C	0.5734	pathogenic
Q8NGV5	Q191D	0.4511	ambiguous
Q8NGV5	Q191E	0.0807	benign
Q8NGV5	Q191F	0.5999	pathogenic
Q8NGV5	Q191G	0.2621	benign
Q8NGV5	Q191H	0.2605	benign
Q8NGV5	Q191I	0.3333	benign
Q8NGV5	Q191K	0.1446	benign
Q8NGV5	Q191L	0.1306	benign
Q8NGV5	Q191M	0.357	ambiguous
Q8NGV5	Q191N	0.3552	ambiguous
Q8NGV5	Q191P	0.136	benign
Q8NGV5	Q191R	0.16	benign
Q8NGV5	Q191S	0.3026	benign
Q8NGV5	Q191T	0.2669	benign
Q8NGV5	Q191V	0.242	benign
Q8NGV5	Q191W	0.4223	ambiguous
Q8NGV5	Q191Y	0.4123	ambiguous
Q8NGV5	T192A	0.109	benign
Q8NGV5	T192C	0.5365	ambiguous
Q8NGV5	T192D	0.5574	ambiguous
Q8NGV5	T192E	0.5177	ambiguous
Q8NGV5	T192F	0.4179	ambiguous
Q8NGV5	T192G	0.3298	benign
Q8NGV5	T192H	0.48	ambiguous
Q8NGV5	T192I	0.2065	benign
Q8NGV5	T192K	0.4117	ambiguous
Q8NGV5	T192L	0.2014	benign
Q8NGV5	T192M	0.1007	benign
Q8NGV5	T192N	0.2037	benign
Q8NGV5	T192P	0.2118	benign
Q8NGV5	T192Q	0.4736	ambiguous
Q8NGV5	T192R	0.3324	benign
Q8NGV5	T192S	0.1735	benign
Q8NGV5	T192V	0.1968	benign
Q8NGV5	T192W	0.6937	pathogenic
Q8NGV5	T192Y	0.4104	ambiguous
Q8NGV5	V193A	0.0919	benign
Q8NGV5	V193C	0.4714	ambiguous
Q8NGV5	V193D	0.2573	benign
Q8NGV5	V193E	0.2778	benign
Q8NGV5	V193F	0.0816	benign
Q8NGV5	V193G	0.1003	benign
Q8NGV5	V193H	0.4107	ambiguous
Q8NGV5	V193I	0.0748	benign
Q8NGV5	V193K	0.2837	benign
Q8NGV5	V193L	0.1164	benign
Q8NGV5	V193M	0.0969	benign
Q8NGV5	V193N	0.1758	benign
Q8NGV5	V193P	0.3744	ambiguous
Q8NGV5	V193Q	0.278	benign
Q8NGV5	V193R	0.2419	benign
Q8NGV5	V193S	0.1057	benign
Q8NGV5	V193T	0.1151	benign
Q8NGV5	V193W	0.5345	ambiguous
Q8NGV5	V193Y	0.3148	benign
Q8NGV5	L194A	0.2112	benign
Q8NGV5	L194C	0.3685	ambiguous
Q8NGV5	L194D	0.5203	ambiguous
Q8NGV5	L194E	0.316	benign
Q8NGV5	L194F	0.0889	benign
Q8NGV5	L194G	0.383	ambiguous
Q8NGV5	L194H	0.1953	benign
Q8NGV5	L194I	0.1086	benign
Q8NGV5	L194K	0.2386	benign
Q8NGV5	L194M	0.1149	benign
Q8NGV5	L194N	0.3033	benign
Q8NGV5	L194P	0.139	benign
Q8NGV5	L194Q	0.1353	benign
Q8NGV5	L194R	0.1789	benign
Q8NGV5	L194S	0.1691	benign
Q8NGV5	L194T	0.1927	benign
Q8NGV5	L194V	0.1132	benign
Q8NGV5	L194W	0.1488	benign
Q8NGV5	L194Y	0.2957	benign
Q8NGV5	T195A	0.0827	benign
Q8NGV5	T195C	0.4625	ambiguous
Q8NGV5	T195D	0.6211	pathogenic
Q8NGV5	T195E	0.56	ambiguous
Q8NGV5	T195F	0.3311	benign
Q8NGV5	T195G	0.3278	benign
Q8NGV5	T195H	0.483	ambiguous
Q8NGV5	T195I	0.1586	benign
Q8NGV5	T195K	0.4843	ambiguous
Q8NGV5	T195L	0.1132	benign
Q8NGV5	T195M	0.1067	benign
Q8NGV5	T195N	0.2433	benign
Q8NGV5	T195P	0.1538	benign
Q8NGV5	T195Q	0.4818	ambiguous
Q8NGV5	T195R	0.3908	ambiguous
Q8NGV5	T195S	0.178	benign
Q8NGV5	T195V	0.1493	benign
Q8NGV5	T195W	0.7326	pathogenic
Q8NGV5	T195Y	0.4197	ambiguous
Q8NGV5	M196A	0.3423	ambiguous
Q8NGV5	M196C	0.7401	pathogenic
Q8NGV5	M196D	0.8165	pathogenic
Q8NGV5	M196E	0.574	pathogenic
Q8NGV5	M196F	0.2808	benign
Q8NGV5	M196G	0.5483	ambiguous
Q8NGV5	M196H	0.6555	pathogenic
Q8NGV5	M196I	0.3223	benign
Q8NGV5	M196K	0.3379	benign
Q8NGV5	M196L	0.1072	benign
Q8NGV5	M196N	0.5975	pathogenic
Q8NGV5	M196P	0.7297	pathogenic
Q8NGV5	M196Q	0.4012	ambiguous
Q8NGV5	M196R	0.2956	benign
Q8NGV5	M196S	0.3885	ambiguous
Q8NGV5	M196T	0.1946	benign
Q8NGV5	M196V	0.07	benign
Q8NGV5	M196W	0.6265	pathogenic
Q8NGV5	M196Y	0.6288	pathogenic
Q8NGV5	M197A	0.1467	benign
Q8NGV5	M197C	0.4428	ambiguous
Q8NGV5	M197D	0.3456	ambiguous
Q8NGV5	M197E	0.1818	benign
Q8NGV5	M197F	0.2055	benign
Q8NGV5	M197G	0.2513	benign
Q8NGV5	M197H	0.2042	benign
Q8NGV5	M197I	0.1457	benign
Q8NGV5	M197K	0.08	benign
Q8NGV5	M197L	0.0847	benign
Q8NGV5	M197N	0.1787	benign
Q8NGV5	M197P	0.3118	benign
Q8NGV5	M197Q	0.0972	benign
Q8NGV5	M197R	0.0726	benign
Q8NGV5	M197S	0.1337	benign
Q8NGV5	M197T	0.0857	benign
Q8NGV5	M197V	0.0716	benign
Q8NGV5	M197W	0.3493	ambiguous
Q8NGV5	M197Y	0.2965	benign
Q8NGV5	L198A	0.331	benign
Q8NGV5	L198C	0.6232	pathogenic
Q8NGV5	L198D	0.644	pathogenic
Q8NGV5	L198E	0.3557	ambiguous
Q8NGV5	L198F	0.1672	benign
Q8NGV5	L198G	0.4686	ambiguous
Q8NGV5	L198H	0.2507	benign
Q8NGV5	L198I	0.1348	benign
Q8NGV5	L198K	0.2426	benign
Q8NGV5	L198M	0.1691	benign
Q8NGV5	L198N	0.4121	ambiguous
Q8NGV5	L198P	0.2839	benign
Q8NGV5	L198Q	0.1774	benign
Q8NGV5	L198R	0.21	benign
Q8NGV5	L198S	0.3256	benign
Q8NGV5	L198T	0.3255	benign
Q8NGV5	L198V	0.1377	benign
Q8NGV5	L198W	0.2611	benign
Q8NGV5	L198Y	0.3612	ambiguous
Q8NGV5	P199A	0.1901	benign
Q8NGV5	P199C	0.6002	pathogenic
Q8NGV5	P199D	0.3943	ambiguous
Q8NGV5	P199E	0.4123	ambiguous
Q8NGV5	P199F	0.5541	ambiguous
Q8NGV5	P199G	0.4402	ambiguous
Q8NGV5	P199H	0.2182	benign
Q8NGV5	P199I	0.4201	ambiguous
Q8NGV5	P199K	0.4123	ambiguous
Q8NGV5	P199L	0.1974	benign
Q8NGV5	P199M	0.5307	ambiguous
Q8NGV5	P199N	0.3865	ambiguous
Q8NGV5	P199Q	0.2713	benign
Q8NGV5	P199R	0.2417	benign
Q8NGV5	P199S	0.18	benign
Q8NGV5	P199T	0.1722	benign
Q8NGV5	P199V	0.3253	benign
Q8NGV5	P199W	0.6197	pathogenic
Q8NGV5	P199Y	0.4196	ambiguous
Q8NGV5	F200A	0.6703	pathogenic
Q8NGV5	F200C	0.4866	ambiguous
Q8NGV5	F200D	0.8107	pathogenic
Q8NGV5	F200E	0.8738	pathogenic
Q8NGV5	F200G	0.8125	pathogenic
Q8NGV5	F200H	0.6683	pathogenic
Q8NGV5	F200I	0.2461	benign
Q8NGV5	F200K	0.8167	pathogenic
Q8NGV5	F200L	0.843	pathogenic
Q8NGV5	F200M	0.6944	pathogenic
Q8NGV5	F200N	0.7291	pathogenic
Q8NGV5	F200P	0.877	pathogenic
Q8NGV5	F200Q	0.8237	pathogenic
Q8NGV5	F200R	0.669	pathogenic
Q8NGV5	F200S	0.4787	ambiguous
Q8NGV5	F200T	0.6694	pathogenic
Q8NGV5	F200V	0.2591	benign
Q8NGV5	F200W	0.5313	ambiguous
Q8NGV5	F200Y	0.1879	benign
Q8NGV5	C201A	0.6952	pathogenic
Q8NGV5	C201D	0.7412	pathogenic
Q8NGV5	C201E	0.8375	pathogenic
Q8NGV5	C201F	0.3151	benign
Q8NGV5	C201G	0.3572	ambiguous
Q8NGV5	C201H	0.5384	ambiguous
Q8NGV5	C201I	0.7413	pathogenic
Q8NGV5	C201K	0.8235	pathogenic
Q8NGV5	C201L	0.6297	pathogenic
Q8NGV5	C201M	0.8657	pathogenic
Q8NGV5	C201N	0.7441	pathogenic
Q8NGV5	C201P	0.791	pathogenic
Q8NGV5	C201Q	0.7286	pathogenic
Q8NGV5	C201R	0.3858	ambiguous
Q8NGV5	C201S	0.4946	ambiguous
Q8NGV5	C201T	0.7387	pathogenic
Q8NGV5	C201V	0.7037	pathogenic
Q8NGV5	C201W	0.4964	ambiguous
Q8NGV5	C201Y	0.3567	ambiguous
Q8NGV5	G202A	0.2041	benign
Q8NGV5	G202C	0.2786	benign
Q8NGV5	G202D	0.2051	benign
Q8NGV5	G202E	0.1917	benign
Q8NGV5	G202F	0.6065	pathogenic
Q8NGV5	G202H	0.3204	benign
Q8NGV5	G202I	0.3935	ambiguous
Q8NGV5	G202K	0.2734	benign
Q8NGV5	G202L	0.4712	ambiguous
Q8NGV5	G202M	0.5599	ambiguous
Q8NGV5	G202N	0.3398	benign
Q8NGV5	G202P	0.7447	pathogenic
Q8NGV5	G202Q	0.2382	benign
Q8NGV5	G202R	0.1439	benign
Q8NGV5	G202S	0.1328	benign
Q8NGV5	G202T	0.2612	benign
Q8NGV5	G202V	0.2778	benign
Q8NGV5	G202W	0.32	benign
Q8NGV5	G202Y	0.4077	ambiguous
Q8NGV5	N203A	0.2138	benign
Q8NGV5	N203C	0.2812	benign
Q8NGV5	N203D	0.0889	benign
Q8NGV5	N203E	0.2209	benign
Q8NGV5	N203F	0.4079	ambiguous
Q8NGV5	N203G	0.2595	benign
Q8NGV5	N203H	0.0934	benign
Q8NGV5	N203I	0.1731	benign
Q8NGV5	N203K	0.1408	benign
Q8NGV5	N203L	0.2066	benign
Q8NGV5	N203M	0.306	benign
Q8NGV5	N203P	0.2782	benign
Q8NGV5	N203Q	0.2106	benign
Q8NGV5	N203R	0.1456	benign
Q8NGV5	N203S	0.0938	benign
Q8NGV5	N203T	0.1456	benign
Q8NGV5	N203V	0.1981	benign
Q8NGV5	N203W	0.5706	pathogenic
Q8NGV5	N203Y	0.1155	benign
Q8NGV5	N204A	0.2777	benign
Q8NGV5	N204C	0.3585	ambiguous
Q8NGV5	N204D	0.1448	benign
Q8NGV5	N204E	0.4043	ambiguous
Q8NGV5	N204F	0.4574	ambiguous
Q8NGV5	N204G	0.3088	benign
Q8NGV5	N204H	0.1049	benign
Q8NGV5	N204I	0.239	benign
Q8NGV5	N204K	0.2522	benign
Q8NGV5	N204L	0.2476	benign
Q8NGV5	N204M	0.3588	ambiguous
Q8NGV5	N204P	0.4627	ambiguous
Q8NGV5	N204Q	0.3347	benign
Q8NGV5	N204R	0.2012	benign
Q8NGV5	N204S	0.1145	benign
Q8NGV5	N204T	0.1756	benign
Q8NGV5	N204V	0.2621	benign
Q8NGV5	N204W	0.6696	pathogenic
Q8NGV5	N204Y	0.1203	benign
Q8NGV5	V205A	0.1861	benign
Q8NGV5	V205C	0.6658	pathogenic
Q8NGV5	V205D	0.2009	benign
Q8NGV5	V205E	0.1648	benign
Q8NGV5	V205F	0.1245	benign
Q8NGV5	V205G	0.2336	benign
Q8NGV5	V205H	0.3687	ambiguous
Q8NGV5	V205I	0.074	benign
Q8NGV5	V205K	0.1798	benign
Q8NGV5	V205L	0.1682	benign
Q8NGV5	V205M	0.1261	benign
Q8NGV5	V205N	0.2161	benign
Q8NGV5	V205P	0.6116	pathogenic
Q8NGV5	V205Q	0.2066	benign
Q8NGV5	V205R	0.1564	benign
Q8NGV5	V205S	0.2334	benign
Q8NGV5	V205T	0.1824	benign
Q8NGV5	V205W	0.6762	pathogenic
Q8NGV5	V205Y	0.3496	ambiguous
Q8NGV5	I206A	0.4034	ambiguous
Q8NGV5	I206C	0.8984	pathogenic
Q8NGV5	I206D	0.8262	pathogenic
Q8NGV5	I206E	0.67	pathogenic
Q8NGV5	I206F	0.2763	benign
Q8NGV5	I206G	0.7936	pathogenic
Q8NGV5	I206H	0.7413	pathogenic
Q8NGV5	I206K	0.4838	ambiguous
Q8NGV5	I206L	0.1788	benign
Q8NGV5	I206M	0.1512	benign
Q8NGV5	I206N	0.5148	ambiguous
Q8NGV5	I206P	0.6326	pathogenic
Q8NGV5	I206Q	0.6025	pathogenic
Q8NGV5	I206R	0.3588	ambiguous
Q8NGV5	I206S	0.4299	ambiguous
Q8NGV5	I206T	0.1813	benign
Q8NGV5	I206V	0.1346	benign
Q8NGV5	I206W	0.7999	pathogenic
Q8NGV5	I206Y	0.749	pathogenic
Q8NGV5	D207A	0.1376	benign
Q8NGV5	D207C	0.4656	ambiguous
Q8NGV5	D207E	0.1954	benign
Q8NGV5	D207F	0.4264	ambiguous
Q8NGV5	D207G	0.1251	benign
Q8NGV5	D207H	0.1291	benign
Q8NGV5	D207I	0.2844	benign
Q8NGV5	D207K	0.2106	benign
Q8NGV5	D207L	0.2621	benign
Q8NGV5	D207M	0.5883	pathogenic
Q8NGV5	D207N	0.0891	benign
Q8NGV5	D207P	0.3785	ambiguous
Q8NGV5	D207Q	0.2299	benign
Q8NGV5	D207R	0.1779	benign
Q8NGV5	D207S	0.1032	benign
Q8NGV5	D207T	0.2176	benign
Q8NGV5	D207V	0.1818	benign
Q8NGV5	D207W	0.7229	pathogenic
Q8NGV5	D207Y	0.1169	benign
Q8NGV5	H208A	0.4716	ambiguous
Q8NGV5	H208C	0.2863	benign
Q8NGV5	H208D	0.2015	benign
Q8NGV5	H208E	0.4587	ambiguous
Q8NGV5	H208F	0.4471	ambiguous
Q8NGV5	H208G	0.4276	ambiguous
Q8NGV5	H208I	0.4625	ambiguous
Q8NGV5	H208K	0.3687	ambiguous
Q8NGV5	H208L	0.192	benign
Q8NGV5	H208M	0.6361	pathogenic
Q8NGV5	H208N	0.1228	benign
Q8NGV5	H208P	0.2377	benign
Q8NGV5	H208Q	0.3422	ambiguous
Q8NGV5	H208R	0.1704	benign
Q8NGV5	H208S	0.3375	benign
Q8NGV5	H208T	0.4238	ambiguous
Q8NGV5	H208V	0.4172	ambiguous
Q8NGV5	H208W	0.564	ambiguous
Q8NGV5	H208Y	0.1416	benign
Q8NGV5	I209A	0.4209	ambiguous
Q8NGV5	I209C	0.6619	pathogenic
Q8NGV5	I209D	0.625	pathogenic
Q8NGV5	I209E	0.5834	pathogenic
Q8NGV5	I209F	0.089	benign
Q8NGV5	I209G	0.6249	pathogenic
Q8NGV5	I209H	0.4403	ambiguous
Q8NGV5	I209K	0.403	ambiguous
Q8NGV5	I209L	0.0969	benign
Q8NGV5	I209M	0.1154	benign
Q8NGV5	I209N	0.2576	benign
Q8NGV5	I209P	0.5193	ambiguous
Q8NGV5	I209Q	0.4454	ambiguous
Q8NGV5	I209R	0.2695	benign
Q8NGV5	I209S	0.3277	benign
Q8NGV5	I209T	0.3104	benign
Q8NGV5	I209V	0.1028	benign
Q8NGV5	I209W	0.584	pathogenic
Q8NGV5	I209Y	0.3253	benign
Q8NGV5	T210A	0.0921	benign
Q8NGV5	T210C	0.3688	ambiguous
Q8NGV5	T210D	0.3857	ambiguous
Q8NGV5	T210E	0.349	ambiguous
Q8NGV5	T210F	0.1561	benign
Q8NGV5	T210G	0.2151	benign
Q8NGV5	T210H	0.2313	benign
Q8NGV5	T210I	0.1551	benign
Q8NGV5	T210K	0.264	benign
Q8NGV5	T210L	0.1063	benign
Q8NGV5	T210M	0.1011	benign
Q8NGV5	T210N	0.1388	benign
Q8NGV5	T210P	0.12	benign
Q8NGV5	T210Q	0.2536	benign
Q8NGV5	T210R	0.1894	benign
Q8NGV5	T210S	0.111	benign
Q8NGV5	T210V	0.1606	benign
Q8NGV5	T210W	0.4329	ambiguous
Q8NGV5	T210Y	0.1842	benign
Q8NGV5	C211A	0.6735	pathogenic
Q8NGV5	C211D	0.7794	pathogenic
Q8NGV5	C211E	0.8917	pathogenic
Q8NGV5	C211F	0.252	benign
Q8NGV5	C211G	0.3104	benign
Q8NGV5	C211H	0.7028	pathogenic
Q8NGV5	C211I	0.7658	pathogenic
Q8NGV5	C211K	0.8758	pathogenic
Q8NGV5	C211L	0.6059	pathogenic
Q8NGV5	C211M	0.8259	pathogenic
Q8NGV5	C211N	0.7686	pathogenic
Q8NGV5	C211P	0.7922	pathogenic
Q8NGV5	C211Q	0.8502	pathogenic
Q8NGV5	C211R	0.5021	ambiguous
Q8NGV5	C211S	0.4995	ambiguous
Q8NGV5	C211T	0.7487	pathogenic
Q8NGV5	C211V	0.6874	pathogenic
Q8NGV5	C211W	0.4096	ambiguous
Q8NGV5	C211Y	0.3438	ambiguous
Q8NGV5	E212A	0.5706	pathogenic
Q8NGV5	E212C	0.9583	pathogenic
Q8NGV5	E212D	0.3966	ambiguous
Q8NGV5	E212F	0.9125	pathogenic
Q8NGV5	E212G	0.4371	ambiguous
Q8NGV5	E212H	0.7093	pathogenic
Q8NGV5	E212I	0.8377	pathogenic
Q8NGV5	E212K	0.2493	benign
Q8NGV5	E212L	0.8435	pathogenic
Q8NGV5	E212M	0.8618	pathogenic
Q8NGV5	E212N	0.7094	pathogenic
Q8NGV5	E212P	0.8702	pathogenic
Q8NGV5	E212Q	0.297	benign
Q8NGV5	E212R	0.4136	ambiguous
Q8NGV5	E212S	0.6012	pathogenic
Q8NGV5	E212T	0.7217	pathogenic
Q8NGV5	E212V	0.6628	pathogenic
Q8NGV5	E212W	0.9491	pathogenic
Q8NGV5	E212Y	0.8393	pathogenic
Q8NGV5	I213A	0.4949	ambiguous
Q8NGV5	I213C	0.7901	pathogenic
Q8NGV5	I213D	0.5809	pathogenic
Q8NGV5	I213E	0.5618	ambiguous
Q8NGV5	I213F	0.1773	benign
Q8NGV5	I213G	0.6249	pathogenic
Q8NGV5	I213H	0.5451	ambiguous
Q8NGV5	I213K	0.4336	ambiguous
Q8NGV5	I213L	0.135	benign
Q8NGV5	I213M	0.1358	benign
Q8NGV5	I213N	0.1833	benign
Q8NGV5	I213P	0.5596	ambiguous
Q8NGV5	I213Q	0.513	ambiguous
Q8NGV5	I213R	0.3692	ambiguous
Q8NGV5	I213S	0.3146	benign
Q8NGV5	I213T	0.3858	ambiguous
Q8NGV5	I213V	0.1396	benign
Q8NGV5	I213W	0.7764	pathogenic
Q8NGV5	I213Y	0.4527	ambiguous
Q8NGV5	L214A	0.2819	benign
Q8NGV5	L214C	0.6727	pathogenic
Q8NGV5	L214D	0.6636	pathogenic
Q8NGV5	L214E	0.4085	ambiguous
Q8NGV5	L214F	0.1631	benign
Q8NGV5	L214G	0.5246	ambiguous
Q8NGV5	L214H	0.2587	benign
Q8NGV5	L214I	0.139	benign
Q8NGV5	L214K	0.2787	benign
Q8NGV5	L214M	0.1665	benign
Q8NGV5	L214N	0.4491	ambiguous
Q8NGV5	L214P	0.1134	benign
Q8NGV5	L214Q	0.2037	benign
Q8NGV5	L214R	0.2005	benign
Q8NGV5	L214S	0.2666	benign
Q8NGV5	L214T	0.2368	benign
Q8NGV5	L214V	0.1342	benign
Q8NGV5	L214W	0.2581	benign
Q8NGV5	L214Y	0.4523	ambiguous
Q8NGV5	A215C	0.6341	pathogenic
Q8NGV5	A215D	0.3351	benign
Q8NGV5	A215E	0.3702	ambiguous
Q8NGV5	A215F	0.4106	ambiguous
Q8NGV5	A215G	0.1916	benign
Q8NGV5	A215H	0.5852	pathogenic
Q8NGV5	A215I	0.3603	ambiguous
Q8NGV5	A215K	0.6388	pathogenic
Q8NGV5	A215L	0.2335	benign
Q8NGV5	A215M	0.4053	ambiguous
Q8NGV5	A215N	0.4151	ambiguous
Q8NGV5	A215P	0.1653	benign
Q8NGV5	A215Q	0.4711	ambiguous
Q8NGV5	A215R	0.5256	ambiguous
Q8NGV5	A215S	0.1343	benign
Q8NGV5	A215T	0.1638	benign
Q8NGV5	A215V	0.1765	benign
Q8NGV5	A215W	0.7863	pathogenic
Q8NGV5	A215Y	0.53	ambiguous
Q8NGV5	L216A	0.4301	ambiguous
Q8NGV5	L216C	0.6381	pathogenic
Q8NGV5	L216D	0.8426	pathogenic
Q8NGV5	L216E	0.6733	pathogenic
Q8NGV5	L216F	0.1832	benign
Q8NGV5	L216G	0.6835	pathogenic
Q8NGV5	L216H	0.4844	ambiguous
Q8NGV5	L216I	0.0954	benign
Q8NGV5	L216K	0.5587	ambiguous
Q8NGV5	L216M	0.1624	benign
Q8NGV5	L216N	0.6061	pathogenic
Q8NGV5	L216P	0.4576	ambiguous
Q8NGV5	L216Q	0.4177	ambiguous
Q8NGV5	L216R	0.4453	ambiguous
Q8NGV5	L216S	0.5006	ambiguous
Q8NGV5	L216T	0.3784	ambiguous
Q8NGV5	L216V	0.0878	benign
Q8NGV5	L216W	0.4202	ambiguous
Q8NGV5	L216Y	0.5421	ambiguous
Q8NGV5	L217A	0.5235	ambiguous
Q8NGV5	L217C	0.7131	pathogenic
Q8NGV5	L217D	0.8266	pathogenic
Q8NGV5	L217E	0.472	ambiguous
Q8NGV5	L217F	0.2338	benign
Q8NGV5	L217G	0.6555	pathogenic
Q8NGV5	L217H	0.3988	ambiguous
Q8NGV5	L217I	0.1963	benign
Q8NGV5	L217K	0.3492	ambiguous
Q8NGV5	L217M	0.1831	benign
Q8NGV5	L217N	0.614	pathogenic
Q8NGV5	L217P	0.4635	ambiguous
Q8NGV5	L217Q	0.2012	benign
Q8NGV5	L217R	0.2769	benign
Q8NGV5	L217S	0.462	ambiguous
Q8NGV5	L217T	0.4628	ambiguous
Q8NGV5	L217V	0.2155	benign
Q8NGV5	L217W	0.3105	benign
Q8NGV5	L217Y	0.5675	pathogenic
Q8NGV5	K218A	0.4379	ambiguous
Q8NGV5	K218C	0.7233	pathogenic
Q8NGV5	K218D	0.4971	ambiguous
Q8NGV5	K218E	0.1977	benign
Q8NGV5	K218F	0.7234	pathogenic
Q8NGV5	K218G	0.4791	ambiguous
Q8NGV5	K218H	0.2838	benign
Q8NGV5	K218I	0.4304	ambiguous
Q8NGV5	K218L	0.3689	ambiguous
Q8NGV5	K218M	0.302	benign
Q8NGV5	K218N	0.3648	ambiguous
Q8NGV5	K218P	0.5828	pathogenic
Q8NGV5	K218Q	0.148	benign
Q8NGV5	K218R	0.0952	benign
Q8NGV5	K218S	0.4353	ambiguous
Q8NGV5	K218T	0.2622	benign
Q8NGV5	K218V	0.4246	ambiguous
Q8NGV5	K218W	0.7311	pathogenic
Q8NGV5	K218Y	0.5229	ambiguous
Q8NGV5	L219A	0.299	benign
Q8NGV5	L219C	0.6466	pathogenic
Q8NGV5	L219D	0.6767	pathogenic
Q8NGV5	L219E	0.4528	ambiguous
Q8NGV5	L219F	0.2606	benign
Q8NGV5	L219G	0.531	ambiguous
Q8NGV5	L219H	0.3218	benign
Q8NGV5	L219I	0.1255	benign
Q8NGV5	L219K	0.3208	benign
Q8NGV5	L219M	0.149	benign
Q8NGV5	L219N	0.4423	ambiguous
Q8NGV5	L219P	0.3967	ambiguous
Q8NGV5	L219Q	0.2465	benign
Q8NGV5	L219R	0.2337	benign
Q8NGV5	L219S	0.3743	ambiguous
Q8NGV5	L219T	0.2695	benign
Q8NGV5	L219V	0.1308	benign
Q8NGV5	L219W	0.3684	ambiguous
Q8NGV5	L219Y	0.4914	ambiguous
Q8NGV5	V220A	0.096	benign
Q8NGV5	V220C	0.6856	pathogenic
Q8NGV5	V220D	0.3697	ambiguous
Q8NGV5	V220E	0.4321	ambiguous
Q8NGV5	V220F	0.2384	benign
Q8NGV5	V220G	0.1846	benign
Q8NGV5	V220H	0.5739	pathogenic
Q8NGV5	V220I	0.1068	benign
Q8NGV5	V220K	0.539	ambiguous
Q8NGV5	V220L	0.2535	benign
Q8NGV5	V220M	0.2634	benign
Q8NGV5	V220N	0.3099	benign
Q8NGV5	V220P	0.4295	ambiguous
Q8NGV5	V220Q	0.4291	ambiguous
Q8NGV5	V220R	0.4027	ambiguous
Q8NGV5	V220S	0.1173	benign
Q8NGV5	V220T	0.1936	benign
Q8NGV5	V220W	0.867	pathogenic
Q8NGV5	V220Y	0.6053	pathogenic
Q8NGV5	C221A	0.6303	pathogenic
Q8NGV5	C221D	0.6296	pathogenic
Q8NGV5	C221E	0.817	pathogenic
Q8NGV5	C221F	0.2504	benign
Q8NGV5	C221G	0.2948	benign
Q8NGV5	C221H	0.5413	ambiguous
Q8NGV5	C221I	0.7187	pathogenic
Q8NGV5	C221K	0.8073	pathogenic
Q8NGV5	C221L	0.6199	pathogenic
Q8NGV5	C221M	0.8484	pathogenic
Q8NGV5	C221N	0.643	pathogenic
Q8NGV5	C221P	0.7711	pathogenic
Q8NGV5	C221Q	0.7252	pathogenic
Q8NGV5	C221R	0.4176	ambiguous
Q8NGV5	C221S	0.3859	ambiguous
Q8NGV5	C221T	0.6686	pathogenic
Q8NGV5	C221V	0.6727	pathogenic
Q8NGV5	C221W	0.5377	ambiguous
Q8NGV5	C221Y	0.3185	benign
Q8NGV5	S222A	0.0784	benign
Q8NGV5	S222C	0.1357	benign
Q8NGV5	S222D	0.2735	benign
Q8NGV5	S222E	0.3574	ambiguous
Q8NGV5	S222F	0.2321	benign
Q8NGV5	S222G	0.0758	benign
Q8NGV5	S222H	0.3354	benign
Q8NGV5	S222I	0.1743	benign
Q8NGV5	S222K	0.4951	ambiguous
Q8NGV5	S222L	0.1183	benign
Q8NGV5	S222M	0.2366	benign
Q8NGV5	S222N	0.1789	benign
Q8NGV5	S222P	0.1916	benign
Q8NGV5	S222Q	0.4295	ambiguous
Q8NGV5	S222R	0.3525	ambiguous
Q8NGV5	S222T	0.0913	benign
Q8NGV5	S222V	0.1734	benign
Q8NGV5	S222W	0.2824	benign
Q8NGV5	S222Y	0.1823	benign
Q8NGV5	D223A	0.3308	benign
Q8NGV5	D223C	0.7343	pathogenic
Q8NGV5	D223E	0.416	ambiguous
Q8NGV5	D223F	0.7187	pathogenic
Q8NGV5	D223G	0.2712	benign
Q8NGV5	D223H	0.3245	benign
Q8NGV5	D223I	0.5158	ambiguous
Q8NGV5	D223K	0.5203	ambiguous
Q8NGV5	D223L	0.5894	pathogenic
Q8NGV5	D223M	0.8109	pathogenic
Q8NGV5	D223N	0.1216	benign
Q8NGV5	D223P	0.7165	pathogenic
Q8NGV5	D223Q	0.5357	ambiguous
Q8NGV5	D223R	0.4622	ambiguous
Q8NGV5	D223S	0.2006	benign
Q8NGV5	D223T	0.4422	ambiguous
Q8NGV5	D223V	0.3161	benign
Q8NGV5	D223W	0.9073	pathogenic
Q8NGV5	D223Y	0.2635	benign
Q8NGV5	I224A	0.3625	ambiguous
Q8NGV5	I224C	0.8122	pathogenic
Q8NGV5	I224D	0.4824	ambiguous
Q8NGV5	I224E	0.5093	ambiguous
Q8NGV5	I224F	0.1736	benign
Q8NGV5	I224G	0.62	pathogenic
Q8NGV5	I224H	0.5258	ambiguous
Q8NGV5	I224K	0.312	benign
Q8NGV5	I224L	0.1804	benign
Q8NGV5	I224M	0.1211	benign
Q8NGV5	I224N	0.1864	benign
Q8NGV5	I224P	0.5041	ambiguous
Q8NGV5	I224Q	0.4764	ambiguous
Q8NGV5	I224R	0.2376	benign
Q8NGV5	I224S	0.2592	benign
Q8NGV5	I224T	0.1506	benign
Q8NGV5	I224V	0.0994	benign
Q8NGV5	I224W	0.7896	pathogenic
Q8NGV5	I224Y	0.5163	ambiguous
Q8NGV5	T225A	0.0832	benign
Q8NGV5	T225C	0.3784	ambiguous
Q8NGV5	T225D	0.2462	benign
Q8NGV5	T225E	0.2202	benign
Q8NGV5	T225F	0.1588	benign
Q8NGV5	T225G	0.2002	benign
Q8NGV5	T225H	0.1572	benign
Q8NGV5	T225I	0.1519	benign
Q8NGV5	T225K	0.1409	benign
Q8NGV5	T225L	0.1052	benign
Q8NGV5	T225M	0.0892	benign
Q8NGV5	T225N	0.0989	benign
Q8NGV5	T225P	0.1257	benign
Q8NGV5	T225Q	0.1699	benign
Q8NGV5	T225R	0.0979	benign
Q8NGV5	T225S	0.0868	benign
Q8NGV5	T225V	0.1675	benign
Q8NGV5	T225W	0.3404	ambiguous
Q8NGV5	T225Y	0.1599	benign
Q8NGV5	I226A	0.1458	benign
Q8NGV5	I226C	0.4474	ambiguous
Q8NGV5	I226D	0.2892	benign
Q8NGV5	I226E	0.2484	benign
Q8NGV5	I226F	0.0888	benign
Q8NGV5	I226G	0.2699	benign
Q8NGV5	I226H	0.2583	benign
Q8NGV5	I226K	0.1402	benign
Q8NGV5	I226L	0.08	benign
Q8NGV5	I226M	0.0717	benign
Q8NGV5	I226N	0.1132	benign
Q8NGV5	I226P	0.2909	benign
Q8NGV5	I226Q	0.1869	benign
Q8NGV5	I226R	0.0986	benign
Q8NGV5	I226S	0.122	benign
Q8NGV5	I226T	0.1004	benign
Q8NGV5	I226V	0.0716	benign
Q8NGV5	I226W	0.354	ambiguous
Q8NGV5	I226Y	0.2527	benign
Q8NGV5	N227A	0.2398	benign
Q8NGV5	N227C	0.2829	benign
Q8NGV5	N227D	0.1675	benign
Q8NGV5	N227E	0.4277	ambiguous
Q8NGV5	N227F	0.4197	ambiguous
Q8NGV5	N227G	0.3305	benign
Q8NGV5	N227H	0.1197	benign
Q8NGV5	N227I	0.1436	benign
Q8NGV5	N227K	0.3117	benign
Q8NGV5	N227L	0.2042	benign
Q8NGV5	N227M	0.2853	benign
Q8NGV5	N227P	0.3468	ambiguous
Q8NGV5	N227Q	0.4071	ambiguous
Q8NGV5	N227R	0.3299	benign
Q8NGV5	N227S	0.087	benign
Q8NGV5	N227T	0.1286	benign
Q8NGV5	N227V	0.1976	benign
Q8NGV5	N227W	0.6845	pathogenic
Q8NGV5	N227Y	0.131	benign
Q8NGV5	V228A	0.1662	benign
Q8NGV5	V228C	0.6435	pathogenic
Q8NGV5	V228D	0.1819	benign
Q8NGV5	V228E	0.1757	benign
Q8NGV5	V228F	0.1054	benign
Q8NGV5	V228G	0.1854	benign
Q8NGV5	V228H	0.4084	ambiguous
Q8NGV5	V228I	0.0754	benign
Q8NGV5	V228K	0.2325	benign
Q8NGV5	V228L	0.145	benign
Q8NGV5	V228M	0.1038	benign
Q8NGV5	V228N	0.1884	benign
Q8NGV5	V228P	0.5646	pathogenic
Q8NGV5	V228Q	0.2495	benign
Q8NGV5	V228R	0.2304	benign
Q8NGV5	V228S	0.1914	benign
Q8NGV5	V228T	0.1722	benign
Q8NGV5	V228W	0.6246	pathogenic
Q8NGV5	V228Y	0.3572	ambiguous
Q8NGV5	L229A	0.1933	benign
Q8NGV5	L229C	0.3533	ambiguous
Q8NGV5	L229D	0.4023	ambiguous
Q8NGV5	L229E	0.2868	benign
Q8NGV5	L229F	0.0882	benign
Q8NGV5	L229G	0.3354	benign
Q8NGV5	L229H	0.1788	benign
Q8NGV5	L229I	0.0813	benign
Q8NGV5	L229K	0.2063	benign
Q8NGV5	L229M	0.1095	benign
Q8NGV5	L229N	0.249	benign
Q8NGV5	L229P	0.2808	benign
Q8NGV5	L229Q	0.1464	benign
Q8NGV5	L229R	0.154	benign
Q8NGV5	L229S	0.1693	benign
Q8NGV5	L229T	0.1426	benign
Q8NGV5	L229V	0.0942	benign
Q8NGV5	L229W	0.1383	benign
Q8NGV5	L229Y	0.2485	benign
Q8NGV5	I230A	0.2067	benign
Q8NGV5	I230C	0.4814	ambiguous
Q8NGV5	I230D	0.4828	ambiguous
Q8NGV5	I230E	0.3936	ambiguous
Q8NGV5	I230F	0.1002	benign
Q8NGV5	I230G	0.3815	ambiguous
Q8NGV5	I230H	0.3642	ambiguous
Q8NGV5	I230K	0.2543	benign
Q8NGV5	I230L	0.0788	benign
Q8NGV5	I230M	0.0839	benign
Q8NGV5	I230N	0.1624	benign
Q8NGV5	I230P	0.4204	ambiguous
Q8NGV5	I230Q	0.2894	benign
Q8NGV5	I230R	0.1827	benign
Q8NGV5	I230S	0.1619	benign
Q8NGV5	I230T	0.1239	benign
Q8NGV5	I230V	0.0922	benign
Q8NGV5	I230W	0.4951	ambiguous
Q8NGV5	I230Y	0.3441	ambiguous
Q8NGV5	M231A	0.3357	benign
Q8NGV5	M231C	0.6884	pathogenic
Q8NGV5	M231D	0.689	pathogenic
Q8NGV5	M231E	0.4099	ambiguous
Q8NGV5	M231F	0.3151	benign
Q8NGV5	M231G	0.5131	ambiguous
Q8NGV5	M231H	0.5226	ambiguous
Q8NGV5	M231I	0.2823	benign
Q8NGV5	M231K	0.2002	benign
Q8NGV5	M231L	0.11	benign
Q8NGV5	M231N	0.4778	ambiguous
Q8NGV5	M231P	0.5557	ambiguous
Q8NGV5	M231Q	0.2752	benign
Q8NGV5	M231R	0.2038	benign
Q8NGV5	M231S	0.3752	ambiguous
Q8NGV5	M231T	0.1571	benign
Q8NGV5	M231V	0.0867	benign
Q8NGV5	M231W	0.5168	ambiguous
Q8NGV5	M231Y	0.6179	pathogenic
Q8NGV5	T232A	0.0752	benign
Q8NGV5	T232C	0.3858	ambiguous
Q8NGV5	T232D	0.2753	benign
Q8NGV5	T232E	0.2186	benign
Q8NGV5	T232F	0.1586	benign
Q8NGV5	T232G	0.1997	benign
Q8NGV5	T232H	0.2137	benign
Q8NGV5	T232I	0.1007	benign
Q8NGV5	T232K	0.1628	benign
Q8NGV5	T232L	0.083	benign
Q8NGV5	T232M	0.072	benign
Q8NGV5	T232N	0.115	benign
Q8NGV5	T232P	0.119	benign
Q8NGV5	T232Q	0.2097	benign
Q8NGV5	T232R	0.126	benign
Q8NGV5	T232S	0.1174	benign
Q8NGV5	T232V	0.1111	benign
Q8NGV5	T232W	0.3727	ambiguous
Q8NGV5	T232Y	0.1837	benign
Q8NGV5	V233A	0.0899	benign
Q8NGV5	V233C	0.5098	ambiguous
Q8NGV5	V233D	0.2629	benign
Q8NGV5	V233E	0.2443	benign
Q8NGV5	V233F	0.1037	benign
Q8NGV5	V233G	0.1089	benign
Q8NGV5	V233H	0.4933	ambiguous
Q8NGV5	V233I	0.0763	benign
Q8NGV5	V233K	0.2807	benign
Q8NGV5	V233L	0.1232	benign
Q8NGV5	V233M	0.0845	benign
Q8NGV5	V233N	0.2269	benign
Q8NGV5	V233P	0.4654	ambiguous
Q8NGV5	V233Q	0.3078	benign
Q8NGV5	V233R	0.2687	benign
Q8NGV5	V233S	0.1415	benign
Q8NGV5	V233T	0.1166	benign
Q8NGV5	V233W	0.5386	ambiguous
Q8NGV5	V233Y	0.3976	ambiguous
Q8NGV5	T234A	0.0703	benign
Q8NGV5	T234C	0.2879	benign
Q8NGV5	T234D	0.3186	benign
Q8NGV5	T234E	0.2673	benign
Q8NGV5	T234F	0.1966	benign
Q8NGV5	T234G	0.1492	benign
Q8NGV5	T234H	0.3063	benign
Q8NGV5	T234I	0.1168	benign
Q8NGV5	T234K	0.2403	benign
Q8NGV5	T234L	0.1105	benign
Q8NGV5	T234M	0.0893	benign
Q8NGV5	T234N	0.1355	benign
Q8NGV5	T234P	0.1283	benign
Q8NGV5	T234Q	0.2599	benign
Q8NGV5	T234R	0.1806	benign
Q8NGV5	T234S	0.1063	benign
Q8NGV5	T234V	0.1238	benign
Q8NGV5	T234W	0.3871	ambiguous
Q8NGV5	T234Y	0.2323	benign
Q8NGV5	N235A	0.1329	benign
Q8NGV5	N235C	0.1667	benign
Q8NGV5	N235D	0.097	benign
Q8NGV5	N235E	0.3146	benign
Q8NGV5	N235F	0.3463	ambiguous
Q8NGV5	N235G	0.1587	benign
Q8NGV5	N235H	0.1213	benign
Q8NGV5	N235I	0.1163	benign
Q8NGV5	N235K	0.2506	benign
Q8NGV5	N235L	0.168	benign
Q8NGV5	N235M	0.2299	benign
Q8NGV5	N235P	0.3773	ambiguous
Q8NGV5	N235Q	0.325	benign
Q8NGV5	N235R	0.2623	benign
Q8NGV5	N235S	0.0603	benign
Q8NGV5	N235T	0.0932	benign
Q8NGV5	N235V	0.1364	benign
Q8NGV5	N235W	0.5608	ambiguous
Q8NGV5	N235Y	0.1117	benign
Q8NGV5	I236A	0.1089	benign
Q8NGV5	I236C	0.4409	ambiguous
Q8NGV5	I236D	0.3766	ambiguous
Q8NGV5	I236E	0.36	ambiguous
Q8NGV5	I236F	0.096	benign
Q8NGV5	I236G	0.2812	benign
Q8NGV5	I236H	0.3239	benign
Q8NGV5	I236K	0.2277	benign
Q8NGV5	I236L	0.1034	benign
Q8NGV5	I236M	0.076	benign
Q8NGV5	I236N	0.1512	benign
Q8NGV5	I236P	0.3642	ambiguous
Q8NGV5	I236Q	0.3118	benign
Q8NGV5	I236R	0.152	benign
Q8NGV5	I236S	0.1205	benign
Q8NGV5	I236T	0.0591	benign
Q8NGV5	I236V	0.0716	benign
Q8NGV5	I236W	0.4982	ambiguous
Q8NGV5	I236Y	0.3393	benign
Q8NGV5	V237A	0.1042	benign
Q8NGV5	V237C	0.3936	ambiguous
Q8NGV5	V237D	0.259	benign
Q8NGV5	V237E	0.2841	benign
Q8NGV5	V237F	0.0768	benign
Q8NGV5	V237G	0.1126	benign
Q8NGV5	V237H	0.428	ambiguous
Q8NGV5	V237I	0.0691	benign
Q8NGV5	V237K	0.3352	benign
Q8NGV5	V237L	0.091	benign
Q8NGV5	V237M	0.1046	benign
Q8NGV5	V237N	0.2245	benign
Q8NGV5	V237P	0.2548	benign
Q8NGV5	V237Q	0.3001	benign
Q8NGV5	V237R	0.2889	benign
Q8NGV5	V237S	0.1364	benign
Q8NGV5	V237T	0.1345	benign
Q8NGV5	V237W	0.4575	ambiguous
Q8NGV5	V237Y	0.3223	benign
Q8NGV5	S238A	0.0945	benign
Q8NGV5	S238C	0.0732	benign
Q8NGV5	S238D	0.3666	ambiguous
Q8NGV5	S238E	0.4554	ambiguous
Q8NGV5	S238F	0.0772	benign
Q8NGV5	S238G	0.104	benign
Q8NGV5	S238H	0.2703	benign
Q8NGV5	S238I	0.0723	benign
Q8NGV5	S238K	0.5982	pathogenic
Q8NGV5	S238L	0.0656	benign
Q8NGV5	S238M	0.1484	benign
Q8NGV5	S238N	0.1627	benign
Q8NGV5	S238P	0.1077	benign
Q8NGV5	S238Q	0.4208	ambiguous
Q8NGV5	S238R	0.4928	ambiguous
Q8NGV5	S238T	0.0958	benign
Q8NGV5	S238V	0.0945	benign
Q8NGV5	S238W	0.1571	benign
Q8NGV5	S238Y	0.0929	benign
Q8NGV5	L239A	0.1548	benign
Q8NGV5	L239C	0.3936	ambiguous
Q8NGV5	L239D	0.4454	ambiguous
Q8NGV5	L239E	0.2704	benign
Q8NGV5	L239F	0.0929	benign
Q8NGV5	L239G	0.2993	benign
Q8NGV5	L239H	0.1756	benign
Q8NGV5	L239I	0.0853	benign
Q8NGV5	L239K	0.2123	benign
Q8NGV5	L239M	0.111	benign
Q8NGV5	L239N	0.2675	benign
Q8NGV5	L239P	0.1476	benign
Q8NGV5	L239Q	0.1495	benign
Q8NGV5	L239R	0.1613	benign
Q8NGV5	L239S	0.1395	benign
Q8NGV5	L239T	0.1282	benign
Q8NGV5	L239V	0.0868	benign
Q8NGV5	L239W	0.1749	benign
Q8NGV5	L239Y	0.292	benign
Q8NGV5	V240A	0.1002	benign
Q8NGV5	V240C	0.4404	ambiguous
Q8NGV5	V240D	0.2112	benign
Q8NGV5	V240E	0.2206	benign
Q8NGV5	V240F	0.0786	benign
Q8NGV5	V240G	0.0955	benign
Q8NGV5	V240H	0.3979	ambiguous
Q8NGV5	V240I	0.0755	benign
Q8NGV5	V240K	0.2843	benign
Q8NGV5	V240L	0.0913	benign
Q8NGV5	V240M	0.0911	benign
Q8NGV5	V240N	0.1708	benign
Q8NGV5	V240P	0.2197	benign
Q8NGV5	V240Q	0.2463	benign
Q8NGV5	V240R	0.2659	benign
Q8NGV5	V240S	0.1204	benign
Q8NGV5	V240T	0.1301	benign
Q8NGV5	V240W	0.4536	ambiguous
Q8NGV5	V240Y	0.3119	benign
Q8NGV5	I241A	0.1936	benign
Q8NGV5	I241C	0.396	ambiguous
Q8NGV5	I241D	0.4931	ambiguous
Q8NGV5	I241E	0.5266	ambiguous
Q8NGV5	I241F	0.0735	benign
Q8NGV5	I241G	0.2972	benign
Q8NGV5	I241H	0.3887	ambiguous
Q8NGV5	I241K	0.3661	ambiguous
Q8NGV5	I241L	0.0752	benign
Q8NGV5	I241M	0.0949	benign
Q8NGV5	I241N	0.1538	benign
Q8NGV5	I241P	0.2642	benign
Q8NGV5	I241Q	0.3831	ambiguous
Q8NGV5	I241R	0.2829	benign
Q8NGV5	I241S	0.1365	benign
Q8NGV5	I241T	0.1362	benign
Q8NGV5	I241V	0.0886	benign
Q8NGV5	I241W	0.5186	ambiguous
Q8NGV5	I241Y	0.3272	benign
Q8NGV5	L242A	0.145	benign
Q8NGV5	L242C	0.2613	benign
Q8NGV5	L242D	0.4367	ambiguous
Q8NGV5	L242E	0.3976	ambiguous
Q8NGV5	L242F	0.1108	benign
Q8NGV5	L242G	0.326	benign
Q8NGV5	L242H	0.1741	benign
Q8NGV5	L242I	0.107	benign
Q8NGV5	L242K	0.357	ambiguous
Q8NGV5	L242M	0.1526	benign
Q8NGV5	L242N	0.2563	benign
Q8NGV5	L242P	0.0374	benign
Q8NGV5	L242Q	0.184	benign
Q8NGV5	L242R	0.2153	benign
Q8NGV5	L242S	0.116	benign
Q8NGV5	L242T	0.1081	benign
Q8NGV5	L242V	0.113	benign
Q8NGV5	L242W	0.2234	benign
Q8NGV5	L242Y	0.271	benign
Q8NGV5	L243A	0.2661	benign
Q8NGV5	L243C	0.4018	ambiguous
Q8NGV5	L243D	0.6096	pathogenic
Q8NGV5	L243E	0.4406	ambiguous
Q8NGV5	L243F	0.0904	benign
Q8NGV5	L243G	0.3835	ambiguous
Q8NGV5	L243H	0.2327	benign
Q8NGV5	L243I	0.1137	benign
Q8NGV5	L243K	0.3554	ambiguous
Q8NGV5	L243M	0.1618	benign
Q8NGV5	L243N	0.3653	ambiguous
Q8NGV5	L243P	0.1488	benign
Q8NGV5	L243Q	0.1945	benign
Q8NGV5	L243R	0.2665	benign
Q8NGV5	L243S	0.211	benign
Q8NGV5	L243T	0.2522	benign
Q8NGV5	L243V	0.123	benign
Q8NGV5	L243W	0.1965	benign
Q8NGV5	L243Y	0.3393	benign
Q8NGV5	L244A	0.1872	benign
Q8NGV5	L244C	0.3134	benign
Q8NGV5	L244D	0.5954	pathogenic
Q8NGV5	L244E	0.4364	ambiguous
Q8NGV5	L244F	0.0936	benign
Q8NGV5	L244G	0.2792	benign
Q8NGV5	L244H	0.2678	benign
Q8NGV5	L244I	0.0996	benign
Q8NGV5	L244K	0.4029	ambiguous
Q8NGV5	L244M	0.1364	benign
Q8NGV5	L244N	0.3357	benign
Q8NGV5	L244P	0.1612	benign
Q8NGV5	L244Q	0.2108	benign
Q8NGV5	L244R	0.3356	benign
Q8NGV5	L244S	0.1535	benign
Q8NGV5	L244T	0.1767	benign
Q8NGV5	L244V	0.1058	benign
Q8NGV5	L244W	0.1929	benign
Q8NGV5	L244Y	0.3476	ambiguous
Q8NGV5	L245A	0.208	benign
Q8NGV5	L245C	0.3162	benign
Q8NGV5	L245D	0.5453	ambiguous
Q8NGV5	L245E	0.3958	ambiguous
Q8NGV5	L245F	0.0849	benign
Q8NGV5	L245G	0.3026	benign
Q8NGV5	L245H	0.2401	benign
Q8NGV5	L245I	0.1074	benign
Q8NGV5	L245K	0.3517	ambiguous
Q8NGV5	L245M	0.1378	benign
Q8NGV5	L245N	0.3118	benign
Q8NGV5	L245P	0.1368	benign
Q8NGV5	L245Q	0.1896	benign
Q8NGV5	L245R	0.2729	benign
Q8NGV5	L245S	0.1661	benign
Q8NGV5	L245T	0.1883	benign
Q8NGV5	L245V	0.1099	benign
Q8NGV5	L245W	0.1602	benign
Q8NGV5	L245Y	0.3257	benign
Q8NGV5	I246A	0.3553	ambiguous
Q8NGV5	I246C	0.5663	pathogenic
Q8NGV5	I246D	0.5103	ambiguous
Q8NGV5	I246E	0.5294	ambiguous
Q8NGV5	I246F	0.126	benign
Q8NGV5	I246G	0.5201	ambiguous
Q8NGV5	I246H	0.4159	ambiguous
Q8NGV5	I246K	0.3428	ambiguous
Q8NGV5	I246L	0.1164	benign
Q8NGV5	I246M	0.1555	benign
Q8NGV5	I246N	0.1514	benign
Q8NGV5	I246P	0.387	ambiguous
Q8NGV5	I246Q	0.4211	ambiguous
Q8NGV5	I246R	0.2514	benign
Q8NGV5	I246S	0.2018	benign
Q8NGV5	I246T	0.208	benign
Q8NGV5	I246V	0.1274	benign
Q8NGV5	I246W	0.681	pathogenic
Q8NGV5	I246Y	0.3953	ambiguous
Q8NGV5	F247A	0.1443	benign
Q8NGV5	F247C	0.0835	benign
Q8NGV5	F247D	0.4063	ambiguous
Q8NGV5	F247E	0.5867	pathogenic
Q8NGV5	F247G	0.2189	benign
Q8NGV5	F247H	0.4291	ambiguous
Q8NGV5	F247I	0.0542	benign
Q8NGV5	F247K	0.5929	pathogenic
Q8NGV5	F247L	0.2805	benign
Q8NGV5	F247M	0.2144	benign
Q8NGV5	F247N	0.2675	benign
Q8NGV5	F247P	0.4336	ambiguous
Q8NGV5	F247Q	0.5252	ambiguous
Q8NGV5	F247R	0.4786	ambiguous
Q8NGV5	F247S	0.0878	benign
Q8NGV5	F247T	0.1344	benign
Q8NGV5	F247V	0.0683	benign
Q8NGV5	F247W	0.3138	benign
Q8NGV5	F247Y	0.1606	benign
Q8NGV5	I248A	0.1776	benign
Q8NGV5	I248C	0.3011	benign
Q8NGV5	I248D	0.4339	ambiguous
Q8NGV5	I248E	0.445	ambiguous
Q8NGV5	I248F	0.0666	benign
Q8NGV5	I248G	0.273	benign
Q8NGV5	I248H	0.2872	benign
Q8NGV5	I248K	0.2499	benign
Q8NGV5	I248L	0.0728	benign
Q8NGV5	I248M	0.0999	benign
Q8NGV5	I248N	0.1343	benign
Q8NGV5	I248P	0.3251	benign
Q8NGV5	I248Q	0.2928	benign
Q8NGV5	I248R	0.1608	benign
Q8NGV5	I248S	0.1096	benign
Q8NGV5	I248T	0.1159	benign
Q8NGV5	I248V	0.0827	benign
Q8NGV5	I248W	0.4126	ambiguous
Q8NGV5	I248Y	0.2713	benign
Q8NGV5	S249A	0.1509	benign
Q8NGV5	S249C	0.1515	benign
Q8NGV5	S249D	0.6327	pathogenic
Q8NGV5	S249E	0.7265	pathogenic
Q8NGV5	S249F	0.1849	benign
Q8NGV5	S249G	0.1885	benign
Q8NGV5	S249H	0.5206	ambiguous
Q8NGV5	S249I	0.2387	benign
Q8NGV5	S249K	0.8285	pathogenic
Q8NGV5	S249L	0.1277	benign
Q8NGV5	S249M	0.3888	ambiguous
Q8NGV5	S249N	0.33	benign
Q8NGV5	S249P	0.1266	benign
Q8NGV5	S249Q	0.7235	pathogenic
Q8NGV5	S249R	0.6911	pathogenic
Q8NGV5	S249T	0.1247	benign
Q8NGV5	S249V	0.3039	benign
Q8NGV5	S249W	0.2482	benign
Q8NGV5	S249Y	0.1977	benign
Q8NGV5	Y250A	0.3827	ambiguous
Q8NGV5	Y250C	0.1056	benign
Q8NGV5	Y250D	0.1405	benign
Q8NGV5	Y250E	0.5266	ambiguous
Q8NGV5	Y250F	0.1462	benign
Q8NGV5	Y250G	0.3096	benign
Q8NGV5	Y250H	0.1903	benign
Q8NGV5	Y250I	0.4426	ambiguous
Q8NGV5	Y250K	0.5318	ambiguous
Q8NGV5	Y250L	0.3555	ambiguous
Q8NGV5	Y250M	0.5886	pathogenic
Q8NGV5	Y250N	0.1263	benign
Q8NGV5	Y250P	0.5502	ambiguous
Q8NGV5	Y250Q	0.4689	ambiguous
Q8NGV5	Y250R	0.3692	ambiguous
Q8NGV5	Y250S	0.1258	benign
Q8NGV5	Y250T	0.3358	benign
Q8NGV5	Y250V	0.3555	ambiguous
Q8NGV5	Y250W	0.3654	ambiguous
Q8NGV5	V251A	0.1092	benign
Q8NGV5	V251C	0.3759	ambiguous
Q8NGV5	V251D	0.277	benign
Q8NGV5	V251E	0.334	benign
Q8NGV5	V251F	0.0904	benign
Q8NGV5	V251G	0.0956	benign
Q8NGV5	V251H	0.4003	ambiguous
Q8NGV5	V251I	0.0678	benign
Q8NGV5	V251K	0.308	benign
Q8NGV5	V251L	0.1083	benign
Q8NGV5	V251M	0.1028	benign
Q8NGV5	V251N	0.1911	benign
Q8NGV5	V251P	0.3754	ambiguous
Q8NGV5	V251Q	0.3176	benign
Q8NGV5	V251R	0.2361	benign
Q8NGV5	V251S	0.126	benign
Q8NGV5	V251T	0.1286	benign
Q8NGV5	V251W	0.4446	ambiguous
Q8NGV5	V251Y	0.2975	benign
Q8NGV5	F252A	0.2568	benign
Q8NGV5	F252C	0.1137	benign
Q8NGV5	F252D	0.5055	ambiguous
Q8NGV5	F252E	0.6053	pathogenic
Q8NGV5	F252G	0.406	ambiguous
Q8NGV5	F252H	0.3498	ambiguous
Q8NGV5	F252I	0.1013	benign
Q8NGV5	F252K	0.4854	ambiguous
Q8NGV5	F252L	0.4849	ambiguous
Q8NGV5	F252M	0.3653	ambiguous
Q8NGV5	F252N	0.353	ambiguous
Q8NGV5	F252P	0.6257	pathogenic
Q8NGV5	F252Q	0.4682	ambiguous
Q8NGV5	F252R	0.3162	benign
Q8NGV5	F252S	0.155	benign
Q8NGV5	F252T	0.2726	benign
Q8NGV5	F252V	0.109	benign
Q8NGV5	F252W	0.3035	benign
Q8NGV5	F252Y	0.1312	benign
Q8NGV5	I253A	0.4795	ambiguous
Q8NGV5	I253C	0.6417	pathogenic
Q8NGV5	I253D	0.6681	pathogenic
Q8NGV5	I253E	0.6291	pathogenic
Q8NGV5	I253F	0.1451	benign
Q8NGV5	I253G	0.6699	pathogenic
Q8NGV5	I253H	0.3991	ambiguous
Q8NGV5	I253K	0.3865	ambiguous
Q8NGV5	I253L	0.1405	benign
Q8NGV5	I253M	0.1888	benign
Q8NGV5	I253N	0.2588	benign
Q8NGV5	I253P	0.5661	pathogenic
Q8NGV5	I253Q	0.4408	ambiguous
Q8NGV5	I253R	0.2444	benign
Q8NGV5	I253S	0.2533	benign
Q8NGV5	I253T	0.3249	benign
Q8NGV5	I253V	0.1733	benign
Q8NGV5	I253W	0.749	pathogenic
Q8NGV5	I253Y	0.4281	ambiguous
Q8NGV5	L254A	0.2246	benign
Q8NGV5	L254C	0.3525	ambiguous
Q8NGV5	L254D	0.6159	pathogenic
Q8NGV5	L254E	0.4651	ambiguous
Q8NGV5	L254F	0.0885	benign
Q8NGV5	L254G	0.3635	ambiguous
Q8NGV5	L254H	0.2433	benign
Q8NGV5	L254I	0.0856	benign
Q8NGV5	L254K	0.3504	ambiguous
Q8NGV5	L254M	0.1605	benign
Q8NGV5	L254N	0.3841	ambiguous
Q8NGV5	L254P	0.203	benign
Q8NGV5	L254Q	0.2344	benign
Q8NGV5	L254R	0.2305	benign
Q8NGV5	L254S	0.2054	benign
Q8NGV5	L254T	0.2023	benign
Q8NGV5	L254V	0.109	benign
Q8NGV5	L254W	0.1724	benign
Q8NGV5	L254Y	0.2989	benign
Q8NGV5	S255A	0.0909	benign
Q8NGV5	S255C	0.0825	benign
Q8NGV5	S255D	0.3555	ambiguous
Q8NGV5	S255E	0.4569	ambiguous
Q8NGV5	S255F	0.1204	benign
Q8NGV5	S255G	0.1031	benign
Q8NGV5	S255H	0.2261	benign
Q8NGV5	S255I	0.1309	benign
Q8NGV5	S255K	0.4466	ambiguous
Q8NGV5	S255L	0.0996	benign
Q8NGV5	S255M	0.2535	benign
Q8NGV5	S255N	0.1834	benign
Q8NGV5	S255P	0.1265	benign
Q8NGV5	S255Q	0.3867	ambiguous
Q8NGV5	S255R	0.3085	benign
Q8NGV5	S255T	0.1008	benign
Q8NGV5	S255V	0.1534	benign
Q8NGV5	S255W	0.1441	benign
Q8NGV5	S255Y	0.0867	benign
Q8NGV5	S256A	0.0842	benign
Q8NGV5	S256C	0.0931	benign
Q8NGV5	S256D	0.3478	ambiguous
Q8NGV5	S256E	0.4634	ambiguous
Q8NGV5	S256F	0.195	benign
Q8NGV5	S256G	0.0926	benign
Q8NGV5	S256H	0.2976	benign
Q8NGV5	S256I	0.1923	benign
Q8NGV5	S256K	0.5214	ambiguous
Q8NGV5	S256L	0.1233	benign
Q8NGV5	S256M	0.2775	benign
Q8NGV5	S256N	0.151	benign
Q8NGV5	S256P	0.1916	benign
Q8NGV5	S256Q	0.4746	ambiguous
Q8NGV5	S256R	0.3566	ambiguous
Q8NGV5	S256T	0.0876	benign
Q8NGV5	S256V	0.1959	benign
Q8NGV5	S256W	0.252	benign
Q8NGV5	S256Y	0.1396	benign
Q8NGV5	I257A	0.2906	benign
Q8NGV5	I257C	0.5547	ambiguous
Q8NGV5	I257D	0.491	ambiguous
Q8NGV5	I257E	0.5327	ambiguous
Q8NGV5	I257F	0.1217	benign
Q8NGV5	I257G	0.5125	ambiguous
Q8NGV5	I257H	0.3736	ambiguous
Q8NGV5	I257K	0.3146	benign
Q8NGV5	I257L	0.1189	benign
Q8NGV5	I257M	0.1309	benign
Q8NGV5	I257N	0.1798	benign
Q8NGV5	I257P	0.5139	ambiguous
Q8NGV5	I257Q	0.4112	ambiguous
Q8NGV5	I257R	0.2059	benign
Q8NGV5	I257S	0.1914	benign
Q8NGV5	I257T	0.1988	benign
Q8NGV5	I257V	0.0906	benign
Q8NGV5	I257W	0.6738	pathogenic
Q8NGV5	I257Y	0.3887	ambiguous
Q8NGV5	L258A	0.2949	benign
Q8NGV5	L258C	0.3957	ambiguous
Q8NGV5	L258D	0.641	pathogenic
Q8NGV5	L258E	0.3947	ambiguous
Q8NGV5	L258F	0.1012	benign
Q8NGV5	L258G	0.388	ambiguous
Q8NGV5	L258H	0.2081	benign
Q8NGV5	L258I	0.1275	benign
Q8NGV5	L258K	0.2414	benign
Q8NGV5	L258M	0.1472	benign
Q8NGV5	L258N	0.4269	ambiguous
Q8NGV5	L258P	0.2297	benign
Q8NGV5	L258Q	0.1551	benign
Q8NGV5	L258R	0.1544	benign
Q8NGV5	L258S	0.2319	benign
Q8NGV5	L258T	0.2513	benign
Q8NGV5	L258V	0.1338	benign
Q8NGV5	L258W	0.1323	benign
Q8NGV5	L258Y	0.3436	ambiguous
Q8NGV5	R259A	0.251	benign
Q8NGV5	R259C	0.1071	benign
Q8NGV5	R259D	0.3855	ambiguous
Q8NGV5	R259E	0.2283	benign
Q8NGV5	R259F	0.2828	benign
Q8NGV5	R259G	0.1224	benign
Q8NGV5	R259H	0.0851	benign
Q8NGV5	R259I	0.1636	benign
Q8NGV5	R259K	0.0976	benign
Q8NGV5	R259L	0.1434	benign
Q8NGV5	R259M	0.1797	benign
Q8NGV5	R259N	0.333	benign
Q8NGV5	R259P	0.3287	benign
Q8NGV5	R259Q	0.091	benign
Q8NGV5	R259S	0.2644	benign
Q8NGV5	R259T	0.18	benign
Q8NGV5	R259V	0.2519	benign
Q8NGV5	R259W	0.0978	benign
Q8NGV5	R259Y	0.2009	benign
Q8NGV5	I260A	0.3461	ambiguous
Q8NGV5	I260C	0.4948	ambiguous
Q8NGV5	I260D	0.397	ambiguous
Q8NGV5	I260E	0.3055	benign
Q8NGV5	I260F	0.1086	benign
Q8NGV5	I260G	0.3972	ambiguous
Q8NGV5	I260H	0.311	benign
Q8NGV5	I260K	0.1792	benign
Q8NGV5	I260L	0.1125	benign
Q8NGV5	I260M	0.0776	benign
Q8NGV5	I260N	0.1227	benign
Q8NGV5	I260P	0.5037	ambiguous
Q8NGV5	I260Q	0.2361	benign
Q8NGV5	I260R	0.1317	benign
Q8NGV5	I260S	0.178	benign
Q8NGV5	I260T	0.2437	benign
Q8NGV5	I260V	0.1295	benign
Q8NGV5	I260W	0.371	ambiguous
Q8NGV5	I260Y	0.2869	benign
Q8NGV5	N261A	0.1416	benign
Q8NGV5	N261C	0.144	benign
Q8NGV5	N261D	0.0924	benign
Q8NGV5	N261E	0.2324	benign
Q8NGV5	N261F	0.2768	benign
Q8NGV5	N261G	0.187	benign
Q8NGV5	N261H	0.0654	benign
Q8NGV5	N261I	0.1148	benign
Q8NGV5	N261K	0.1306	benign
Q8NGV5	N261L	0.1418	benign
Q8NGV5	N261M	0.2769	benign
Q8NGV5	N261P	0.1507	benign
Q8NGV5	N261Q	0.1803	benign
Q8NGV5	N261R	0.1152	benign
Q8NGV5	N261S	0.0662	benign
Q8NGV5	N261T	0.0988	benign
Q8NGV5	N261V	0.1481	benign
Q8NGV5	N261W	0.4526	ambiguous
Q8NGV5	N261Y	0.0813	benign
Q8NGV5	C262A	0.1246	benign
Q8NGV5	C262D	0.1451	benign
Q8NGV5	C262E	0.3109	benign
Q8NGV5	C262F	0.0946	benign
Q8NGV5	C262G	0.0621	benign
Q8NGV5	C262H	0.1273	benign
Q8NGV5	C262I	0.2335	benign
Q8NGV5	C262K	0.2948	benign
Q8NGV5	C262L	0.1629	benign
Q8NGV5	C262M	0.3215	benign
Q8NGV5	C262N	0.132	benign
Q8NGV5	C262P	0.2556	benign
Q8NGV5	C262Q	0.2688	benign
Q8NGV5	C262R	0.1159	benign
Q8NGV5	C262S	0.0543	benign
Q8NGV5	C262T	0.1005	benign
Q8NGV5	C262V	0.1932	benign
Q8NGV5	C262W	0.1754	benign
Q8NGV5	C262Y	0.0896	benign
Q8NGV5	A263C	0.3463	ambiguous
Q8NGV5	A263D	0.1528	benign
Q8NGV5	A263E	0.1541	benign
Q8NGV5	A263F	0.2033	benign
Q8NGV5	A263G	0.1142	benign
Q8NGV5	A263H	0.273	benign
Q8NGV5	A263I	0.1474	benign
Q8NGV5	A263K	0.2056	benign
Q8NGV5	A263L	0.1228	benign
Q8NGV5	A263M	0.1627	benign
Q8NGV5	A263N	0.1907	benign
Q8NGV5	A263P	0.1114	benign
Q8NGV5	A263Q	0.2075	benign
Q8NGV5	A263R	0.1581	benign
Q8NGV5	A263S	0.0919	benign
Q8NGV5	A263T	0.0735	benign
Q8NGV5	A263V	0.0885	benign
Q8NGV5	A263W	0.3952	ambiguous
Q8NGV5	A263Y	0.2845	benign
Q8NGV5	E264A	0.0944	benign
Q8NGV5	E264C	0.6015	pathogenic
Q8NGV5	E264D	0.1462	benign
Q8NGV5	E264F	0.4744	ambiguous
Q8NGV5	E264G	0.0994	benign
Q8NGV5	E264H	0.2907	benign
Q8NGV5	E264I	0.2492	benign
Q8NGV5	E264K	0.0777	benign
Q8NGV5	E264L	0.2277	benign
Q8NGV5	E264M	0.313	benign
Q8NGV5	E264N	0.2504	benign
Q8NGV5	E264P	0.3575	ambiguous
Q8NGV5	E264Q	0.1055	benign
Q8NGV5	E264R	0.1082	benign
Q8NGV5	E264S	0.1615	benign
Q8NGV5	E264T	0.1618	benign
Q8NGV5	E264V	0.1355	benign
Q8NGV5	E264W	0.5872	pathogenic
Q8NGV5	E264Y	0.3567	ambiguous
Q8NGV5	G265A	0.137	benign
Q8NGV5	G265C	0.199	benign
Q8NGV5	G265D	0.1507	benign
Q8NGV5	G265E	0.1347	benign
Q8NGV5	G265F	0.4399	ambiguous
Q8NGV5	G265H	0.3272	benign
Q8NGV5	G265I	0.2101	benign
Q8NGV5	G265K	0.2812	benign
Q8NGV5	G265L	0.3238	benign
Q8NGV5	G265M	0.3802	ambiguous
Q8NGV5	G265N	0.2856	benign
Q8NGV5	G265P	0.6425	pathogenic
Q8NGV5	G265Q	0.2627	benign
Q8NGV5	G265R	0.1879	benign
Q8NGV5	G265S	0.1156	benign
Q8NGV5	G265T	0.1938	benign
Q8NGV5	G265V	0.14	benign
Q8NGV5	G265W	0.2153	benign
Q8NGV5	G265Y	0.2604	benign
Q8NGV5	R266A	0.3361	benign
Q8NGV5	R266C	0.1473	benign
Q8NGV5	R266D	0.5403	ambiguous
Q8NGV5	R266E	0.2246	benign
Q8NGV5	R266F	0.4068	ambiguous
Q8NGV5	R266G	0.1762	benign
Q8NGV5	R266H	0.126	benign
Q8NGV5	R266I	0.1849	benign
Q8NGV5	R266K	0.0937	benign
Q8NGV5	R266L	0.2064	benign
Q8NGV5	R266M	0.2108	benign
Q8NGV5	R266N	0.4611	ambiguous
Q8NGV5	R266P	0.4833	ambiguous
Q8NGV5	R266Q	0.0856	benign
Q8NGV5	R266S	0.3567	ambiguous
Q8NGV5	R266T	0.2214	benign
Q8NGV5	R266V	0.2957	benign
Q8NGV5	R266W	0.1091	benign
Q8NGV5	R266Y	0.2872	benign
Q8NGV5	K267A	0.2532	benign
Q8NGV5	K267C	0.421	ambiguous
Q8NGV5	K267D	0.3852	ambiguous
Q8NGV5	K267E	0.1026	benign
Q8NGV5	K267F	0.4753	ambiguous
Q8NGV5	K267G	0.2185	benign
Q8NGV5	K267H	0.2464	benign
Q8NGV5	K267I	0.2251	benign
Q8NGV5	K267L	0.2041	benign
Q8NGV5	K267M	0.152	benign
Q8NGV5	K267N	0.2416	benign
Q8NGV5	K267P	0.5441	ambiguous
Q8NGV5	K267Q	0.0971	benign
Q8NGV5	K267R	0.0698	benign
Q8NGV5	K267S	0.2655	benign
Q8NGV5	K267T	0.1572	benign
Q8NGV5	K267V	0.2296	benign
Q8NGV5	K267W	0.4003	ambiguous
Q8NGV5	K267Y	0.3307	benign
Q8NGV5	K268A	0.3518	ambiguous
Q8NGV5	K268C	0.6794	pathogenic
Q8NGV5	K268D	0.5242	ambiguous
Q8NGV5	K268E	0.1653	benign
Q8NGV5	K268F	0.6495	pathogenic
Q8NGV5	K268G	0.4126	ambiguous
Q8NGV5	K268H	0.3765	ambiguous
Q8NGV5	K268I	0.3032	benign
Q8NGV5	K268L	0.3092	benign
Q8NGV5	K268M	0.1887	benign
Q8NGV5	K268N	0.368	ambiguous
Q8NGV5	K268P	0.6174	pathogenic
Q8NGV5	K268Q	0.1856	benign
Q8NGV5	K268R	0.0985	benign
Q8NGV5	K268S	0.4653	ambiguous
Q8NGV5	K268T	0.2206	benign
Q8NGV5	K268V	0.3239	benign
Q8NGV5	K268W	0.6447	pathogenic
Q8NGV5	K268Y	0.4887	ambiguous
Q8NGV5	A269C	0.4995	ambiguous
Q8NGV5	A269D	0.224	benign
Q8NGV5	A269E	0.27	benign
Q8NGV5	A269F	0.3121	benign
Q8NGV5	A269G	0.1668	benign
Q8NGV5	A269H	0.4767	ambiguous
Q8NGV5	A269I	0.2235	benign
Q8NGV5	A269K	0.4891	ambiguous
Q8NGV5	A269L	0.2012	benign
Q8NGV5	A269M	0.289	benign
Q8NGV5	A269N	0.3173	benign
Q8NGV5	A269P	0.2046	benign
Q8NGV5	A269Q	0.4199	ambiguous
Q8NGV5	A269R	0.3585	ambiguous
Q8NGV5	A269S	0.1285	benign
Q8NGV5	A269T	0.1054	benign
Q8NGV5	A269V	0.1176	benign
Q8NGV5	A269W	0.6396	pathogenic
Q8NGV5	A269Y	0.3889	ambiguous
Q8NGV5	F270A	0.3506	ambiguous
Q8NGV5	F270C	0.2493	benign
Q8NGV5	F270D	0.6305	pathogenic
Q8NGV5	F270E	0.7603	pathogenic
Q8NGV5	F270G	0.57	pathogenic
Q8NGV5	F270H	0.5901	pathogenic
Q8NGV5	F270I	0.1201	benign
Q8NGV5	F270K	0.6921	pathogenic
Q8NGV5	F270L	0.6755	pathogenic
Q8NGV5	F270M	0.4826	ambiguous
Q8NGV5	F270N	0.5357	ambiguous
Q8NGV5	F270P	0.777	pathogenic
Q8NGV5	F270Q	0.7078	pathogenic
Q8NGV5	F270R	0.5235	ambiguous
Q8NGV5	F270S	0.2471	benign
Q8NGV5	F270T	0.3978	ambiguous
Q8NGV5	F270V	0.1413	benign
Q8NGV5	F270W	0.4207	ambiguous
Q8NGV5	F270Y	0.2261	benign
Q8NGV5	S271A	0.1102	benign
Q8NGV5	S271C	0.1011	benign
Q8NGV5	S271D	0.4675	ambiguous
Q8NGV5	S271E	0.5635	ambiguous
Q8NGV5	S271F	0.1483	benign
Q8NGV5	S271G	0.1295	benign
Q8NGV5	S271H	0.2958	benign
Q8NGV5	S271I	0.1732	benign
Q8NGV5	S271K	0.6353	pathogenic
Q8NGV5	S271L	0.0964	benign
Q8NGV5	S271M	0.3056	benign
Q8NGV5	S271N	0.2443	benign
Q8NGV5	S271P	0.1522	benign
Q8NGV5	S271Q	0.493	ambiguous
Q8NGV5	S271R	0.4239	ambiguous
Q8NGV5	S271T	0.1264	benign
Q8NGV5	S271V	0.2274	benign
Q8NGV5	S271W	0.177	benign
Q8NGV5	S271Y	0.1359	benign
Q8NGV5	T272A	0.0978	benign
Q8NGV5	T272C	0.4265	ambiguous
Q8NGV5	T272D	0.3828	ambiguous
Q8NGV5	T272E	0.3924	ambiguous
Q8NGV5	T272F	0.183	benign
Q8NGV5	T272G	0.3082	benign
Q8NGV5	T272H	0.2396	benign
Q8NGV5	T272I	0.1202	benign
Q8NGV5	T272K	0.2162	benign
Q8NGV5	T272L	0.1078	benign
Q8NGV5	T272M	0.1031	benign
Q8NGV5	T272N	0.1681	benign
Q8NGV5	T272P	0.0975	benign
Q8NGV5	T272Q	0.2765	benign
Q8NGV5	T272R	0.1445	benign
Q8NGV5	T272S	0.1496	benign
Q8NGV5	T272V	0.1626	benign
Q8NGV5	T272W	0.4782	ambiguous
Q8NGV5	T272Y	0.2523	benign
Q8NGV5	C273A	0.3067	benign
Q8NGV5	C273D	0.4592	ambiguous
Q8NGV5	C273E	0.6746	pathogenic
Q8NGV5	C273F	0.1086	benign
Q8NGV5	C273G	0.1384	benign
Q8NGV5	C273H	0.3268	benign
Q8NGV5	C273I	0.3299	benign
Q8NGV5	C273K	0.6159	pathogenic
Q8NGV5	C273L	0.2685	benign
Q8NGV5	C273M	0.5799	pathogenic
Q8NGV5	C273N	0.4204	ambiguous
Q8NGV5	C273P	0.5101	ambiguous
Q8NGV5	C273Q	0.5023	ambiguous
Q8NGV5	C273R	0.2326	benign
Q8NGV5	C273S	0.2137	benign
Q8NGV5	C273T	0.387	ambiguous
Q8NGV5	C273V	0.3167	benign
Q8NGV5	C273W	0.2338	benign
Q8NGV5	C273Y	0.1389	benign
Q8NGV5	S274A	0.0857	benign
Q8NGV5	S274C	0.1035	benign
Q8NGV5	S274D	0.5651	pathogenic
Q8NGV5	S274E	0.6223	pathogenic
Q8NGV5	S274F	0.1396	benign
Q8NGV5	S274G	0.0926	benign
Q8NGV5	S274H	0.398	ambiguous
Q8NGV5	S274I	0.1337	benign
Q8NGV5	S274K	0.6642	pathogenic
Q8NGV5	S274L	0.0873	benign
Q8NGV5	S274M	0.23	benign
Q8NGV5	S274N	0.2833	benign
Q8NGV5	S274P	0.14	benign
Q8NGV5	S274Q	0.5967	pathogenic
Q8NGV5	S274R	0.499	ambiguous
Q8NGV5	S274T	0.0923	benign
Q8NGV5	S274V	0.174	benign
Q8NGV5	S274W	0.1821	benign
Q8NGV5	S274Y	0.1538	benign
Q8NGV5	A275C	0.4698	ambiguous
Q8NGV5	A275D	0.2594	benign
Q8NGV5	A275E	0.286	benign
Q8NGV5	A275F	0.3029	benign
Q8NGV5	A275G	0.1724	benign
Q8NGV5	A275H	0.4942	ambiguous
Q8NGV5	A275I	0.2723	benign
Q8NGV5	A275K	0.4639	ambiguous
Q8NGV5	A275L	0.213	benign
Q8NGV5	A275M	0.277	benign
Q8NGV5	A275N	0.3493	ambiguous
Q8NGV5	A275P	0.2054	benign
Q8NGV5	A275Q	0.4215	ambiguous
Q8NGV5	A275R	0.3654	ambiguous
Q8NGV5	A275S	0.1044	benign
Q8NGV5	A275T	0.0914	benign
Q8NGV5	A275V	0.1364	benign
Q8NGV5	A275W	0.6562	pathogenic
Q8NGV5	A275Y	0.4618	ambiguous
Q8NGV5	H276A	0.3461	ambiguous
Q8NGV5	H276C	0.1902	benign
Q8NGV5	H276D	0.2432	benign
Q8NGV5	H276E	0.3989	ambiguous
Q8NGV5	H276F	0.3277	benign
Q8NGV5	H276G	0.3578	ambiguous
Q8NGV5	H276I	0.3369	benign
Q8NGV5	H276K	0.3584	ambiguous
Q8NGV5	H276L	0.1307	benign
Q8NGV5	H276M	0.5982	pathogenic
Q8NGV5	H276N	0.1716	benign
Q8NGV5	H276P	0.1087	benign
Q8NGV5	H276Q	0.2698	benign
Q8NGV5	H276R	0.1317	benign
Q8NGV5	H276S	0.2778	benign
Q8NGV5	H276T	0.3541	ambiguous
Q8NGV5	H276V	0.3193	benign
Q8NGV5	H276W	0.3837	ambiguous
Q8NGV5	H276Y	0.1049	benign
Q8NGV5	S277A	0.0812	benign
Q8NGV5	S277C	0.0599	benign
Q8NGV5	S277D	0.4605	ambiguous
Q8NGV5	S277E	0.4253	ambiguous
Q8NGV5	S277F	0.0692	benign
Q8NGV5	S277G	0.103	benign
Q8NGV5	S277H	0.2389	benign
Q8NGV5	S277I	0.0547	benign
Q8NGV5	S277K	0.4735	ambiguous
Q8NGV5	S277L	0.0355	benign
Q8NGV5	S277M	0.0758	benign
Q8NGV5	S277N	0.1911	benign
Q8NGV5	S277P	0.1789	benign
Q8NGV5	S277Q	0.3184	benign
Q8NGV5	S277R	0.3673	ambiguous
Q8NGV5	S277T	0.0781	benign
Q8NGV5	S277V	0.0703	benign
Q8NGV5	S277W	0.1137	benign
Q8NGV5	S277Y	0.1197	benign
Q8NGV5	I278A	0.082	benign
Q8NGV5	I278C	0.4023	ambiguous
Q8NGV5	I278D	0.4979	ambiguous
Q8NGV5	I278E	0.4459	ambiguous
Q8NGV5	I278F	0.1018	benign
Q8NGV5	I278G	0.2895	benign
Q8NGV5	I278H	0.3916	ambiguous
Q8NGV5	I278K	0.2939	benign
Q8NGV5	I278L	0.088	benign
Q8NGV5	I278M	0.0666	benign
Q8NGV5	I278N	0.1898	benign
Q8NGV5	I278P	0.3209	benign
Q8NGV5	I278Q	0.3546	ambiguous
Q8NGV5	I278R	0.1872	benign
Q8NGV5	I278S	0.1104	benign
Q8NGV5	I278T	0.0522	benign
Q8NGV5	I278V	0.0727	benign
Q8NGV5	I278W	0.4787	ambiguous
Q8NGV5	I278Y	0.3611	ambiguous
Q8NGV5	V279A	0.1117	benign
Q8NGV5	V279C	0.6579	pathogenic
Q8NGV5	V279D	0.2847	benign
Q8NGV5	V279E	0.2758	benign
Q8NGV5	V279F	0.1388	benign
Q8NGV5	V279G	0.1741	benign
Q8NGV5	V279H	0.5653	pathogenic
Q8NGV5	V279I	0.0999	benign
Q8NGV5	V279K	0.3464	ambiguous
Q8NGV5	V279L	0.1949	benign
Q8NGV5	V279M	0.1205	benign
Q8NGV5	V279N	0.3379	benign
Q8NGV5	V279P	0.4016	ambiguous
Q8NGV5	V279Q	0.358	ambiguous
Q8NGV5	V279R	0.2926	benign
Q8NGV5	V279S	0.1907	benign
Q8NGV5	V279T	0.1537	benign
Q8NGV5	V279W	0.7057	pathogenic
Q8NGV5	V279Y	0.5537	ambiguous
Q8NGV5	V280A	0.1959	benign
Q8NGV5	V280C	0.6788	pathogenic
Q8NGV5	V280D	0.3164	benign
Q8NGV5	V280E	0.3695	ambiguous
Q8NGV5	V280F	0.1356	benign
Q8NGV5	V280G	0.1952	benign
Q8NGV5	V280H	0.6722	pathogenic
Q8NGV5	V280I	0.1	benign
Q8NGV5	V280K	0.4715	ambiguous
Q8NGV5	V280L	0.2084	benign
Q8NGV5	V280M	0.1528	benign
Q8NGV5	V280N	0.3653	ambiguous
Q8NGV5	V280P	0.5203	ambiguous
Q8NGV5	V280Q	0.4634	ambiguous
Q8NGV5	V280R	0.4103	ambiguous
Q8NGV5	V280S	0.2713	benign
Q8NGV5	V280T	0.2884	benign
Q8NGV5	V280W	0.7382	pathogenic
Q8NGV5	V280Y	0.5373	ambiguous
Q8NGV5	I281A	0.2307	benign
Q8NGV5	I281C	0.406	ambiguous
Q8NGV5	I281D	0.5499	ambiguous
Q8NGV5	I281E	0.6075	pathogenic
Q8NGV5	I281F	0.0789	benign
Q8NGV5	I281G	0.3514	ambiguous
Q8NGV5	I281H	0.448	ambiguous
Q8NGV5	I281K	0.4144	ambiguous
Q8NGV5	I281L	0.087	benign
Q8NGV5	I281M	0.0926	benign
Q8NGV5	I281N	0.1909	benign
Q8NGV5	I281P	0.443	ambiguous
Q8NGV5	I281Q	0.4749	ambiguous
Q8NGV5	I281R	0.3116	benign
Q8NGV5	I281S	0.1656	benign
Q8NGV5	I281T	0.1544	benign
Q8NGV5	I281V	0.0884	benign
Q8NGV5	I281W	0.5301	ambiguous
Q8NGV5	I281Y	0.3526	ambiguous
Q8NGV5	L282A	0.2453	benign
Q8NGV5	L282C	0.3554	ambiguous
Q8NGV5	L282D	0.6382	pathogenic
Q8NGV5	L282E	0.4923	ambiguous
Q8NGV5	L282F	0.0991	benign
Q8NGV5	L282G	0.4047	ambiguous
Q8NGV5	L282H	0.2513	benign
Q8NGV5	L282I	0.0852	benign
Q8NGV5	L282K	0.3649	ambiguous
Q8NGV5	L282M	0.1381	benign
Q8NGV5	L282N	0.3574	ambiguous
Q8NGV5	L282P	0.1735	benign
Q8NGV5	L282Q	0.231	benign
Q8NGV5	L282R	0.254	benign
Q8NGV5	L282S	0.1967	benign
Q8NGV5	L282T	0.1812	benign
Q8NGV5	L282V	0.105	benign
Q8NGV5	L282W	0.183	benign
Q8NGV5	L282Y	0.3315	benign
Q8NGV5	F283A	0.3678	ambiguous
Q8NGV5	F283C	0.1737	benign
Q8NGV5	F283D	0.5349	ambiguous
Q8NGV5	F283E	0.6615	pathogenic
Q8NGV5	F283G	0.4615	ambiguous
Q8NGV5	F283H	0.4094	ambiguous
Q8NGV5	F283I	0.1372	benign
Q8NGV5	F283K	0.6099	pathogenic
Q8NGV5	F283L	0.6382	pathogenic
Q8NGV5	F283M	0.5108	ambiguous
Q8NGV5	F283N	0.4062	ambiguous
Q8NGV5	F283P	0.6233	pathogenic
Q8NGV5	F283Q	0.5563	ambiguous
Q8NGV5	F283R	0.4518	ambiguous
Q8NGV5	F283S	0.1954	benign
Q8NGV5	F283T	0.3469	ambiguous
Q8NGV5	F283V	0.1721	benign
Q8NGV5	F283W	0.3402	ambiguous
Q8NGV5	F283Y	0.1426	benign
Q8NGV5	Y284A	0.3212	benign
Q8NGV5	Y284C	0.0719	benign
Q8NGV5	Y284D	0.1527	benign
Q8NGV5	Y284E	0.4481	ambiguous
Q8NGV5	Y284F	0.0992	benign
Q8NGV5	Y284G	0.2234	benign
Q8NGV5	Y284H	0.1372	benign
Q8NGV5	Y284I	0.3261	benign
Q8NGV5	Y284K	0.4172	ambiguous
Q8NGV5	Y284L	0.2572	benign
Q8NGV5	Y284M	0.4947	ambiguous
Q8NGV5	Y284N	0.1392	benign
Q8NGV5	Y284P	0.3896	ambiguous
Q8NGV5	Y284Q	0.3311	benign
Q8NGV5	Y284R	0.2692	benign
Q8NGV5	Y284S	0.1091	benign
Q8NGV5	Y284T	0.2801	benign
Q8NGV5	Y284V	0.2793	benign
Q8NGV5	Y284W	0.232	benign
Q8NGV5	G285A	0.128	benign
Q8NGV5	G285C	0.1456	benign
Q8NGV5	G285D	0.2344	benign
Q8NGV5	G285E	0.2367	benign
Q8NGV5	G285F	0.3545	ambiguous
Q8NGV5	G285H	0.3351	benign
Q8NGV5	G285I	0.1586	benign
Q8NGV5	G285K	0.3336	benign
Q8NGV5	G285L	0.2866	benign
Q8NGV5	G285M	0.3672	ambiguous
Q8NGV5	G285N	0.3387	benign
Q8NGV5	G285P	0.6773	pathogenic
Q8NGV5	G285Q	0.3137	benign
Q8NGV5	G285R	0.1821	benign
Q8NGV5	G285S	0.0833	benign
Q8NGV5	G285T	0.1649	benign
Q8NGV5	G285V	0.1247	benign
Q8NGV5	G285W	0.2036	benign
Q8NGV5	G285Y	0.2591	benign
Q8NGV5	S286A	0.0938	benign
Q8NGV5	S286C	0.1081	benign
Q8NGV5	S286D	0.4262	ambiguous
Q8NGV5	S286E	0.5104	ambiguous
Q8NGV5	S286F	0.144	benign
Q8NGV5	S286G	0.0911	benign
Q8NGV5	S286H	0.3763	ambiguous
Q8NGV5	S286I	0.1478	benign
Q8NGV5	S286K	0.5715	pathogenic
Q8NGV5	S286L	0.0914	benign
Q8NGV5	S286M	0.214	benign
Q8NGV5	S286N	0.1883	benign
Q8NGV5	S286P	0.0974	benign
Q8NGV5	S286Q	0.5223	ambiguous
Q8NGV5	S286R	0.4631	ambiguous
Q8NGV5	S286T	0.0865	benign
Q8NGV5	S286V	0.1815	benign
Q8NGV5	S286W	0.181	benign
Q8NGV5	S286Y	0.1337	benign
Q8NGV5	A287C	0.355	ambiguous
Q8NGV5	A287D	0.2263	benign
Q8NGV5	A287E	0.2451	benign
Q8NGV5	A287F	0.1951	benign
Q8NGV5	A287G	0.1227	benign
Q8NGV5	A287H	0.392	ambiguous
Q8NGV5	A287I	0.1349	benign
Q8NGV5	A287K	0.3385	benign
Q8NGV5	A287L	0.1215	benign
Q8NGV5	A287M	0.1791	benign
Q8NGV5	A287N	0.2513	benign
Q8NGV5	A287P	0.1768	benign
Q8NGV5	A287Q	0.3517	ambiguous
Q8NGV5	A287R	0.2825	benign
Q8NGV5	A287S	0.1031	benign
Q8NGV5	A287T	0.0859	benign
Q8NGV5	A287V	0.0944	benign
Q8NGV5	A287W	0.5258	ambiguous
Q8NGV5	A287Y	0.304	benign
Q8NGV5	L288A	0.2034	benign
Q8NGV5	L288C	0.3517	ambiguous
Q8NGV5	L288D	0.583	pathogenic
Q8NGV5	L288E	0.4368	ambiguous
Q8NGV5	L288F	0.0854	benign
Q8NGV5	L288G	0.3595	ambiguous
Q8NGV5	L288H	0.2268	benign
Q8NGV5	L288I	0.0847	benign
Q8NGV5	L288K	0.3145	benign
Q8NGV5	L288M	0.1228	benign
Q8NGV5	L288N	0.3274	benign
Q8NGV5	L288P	0.2097	benign
Q8NGV5	L288Q	0.2189	benign
Q8NGV5	L288R	0.2257	benign
Q8NGV5	L288S	0.1842	benign
Q8NGV5	L288T	0.1841	benign
Q8NGV5	L288V	0.0954	benign
Q8NGV5	L288W	0.1763	benign
Q8NGV5	L288Y	0.2935	benign
Q8NGV5	F289A	0.2675	benign
Q8NGV5	F289C	0.1594	benign
Q8NGV5	F289D	0.524	ambiguous
Q8NGV5	F289E	0.6362	pathogenic
Q8NGV5	F289G	0.3984	ambiguous
Q8NGV5	F289H	0.427	ambiguous
Q8NGV5	F289I	0.103	benign
Q8NGV5	F289K	0.5818	pathogenic
Q8NGV5	F289L	0.5252	ambiguous
Q8NGV5	F289M	0.3693	ambiguous
Q8NGV5	F289N	0.41	ambiguous
Q8NGV5	F289P	0.5895	pathogenic
Q8NGV5	F289Q	0.5246	ambiguous
Q8NGV5	F289R	0.442	ambiguous
Q8NGV5	F289S	0.1639	benign
Q8NGV5	F289T	0.2688	benign
Q8NGV5	F289V	0.1253	benign
Q8NGV5	F289W	0.3387	benign
Q8NGV5	F289Y	0.1586	benign
Q8NGV5	M290A	0.27	benign
Q8NGV5	M290C	0.563	ambiguous
Q8NGV5	M290D	0.5961	pathogenic
Q8NGV5	M290E	0.3692	ambiguous
Q8NGV5	M290F	0.2783	benign
Q8NGV5	M290G	0.4257	ambiguous
Q8NGV5	M290H	0.3431	ambiguous
Q8NGV5	M290I	0.2675	benign
Q8NGV5	M290K	0.1284	benign
Q8NGV5	M290L	0.1107	benign
Q8NGV5	M290N	0.3854	ambiguous
Q8NGV5	M290P	0.3807	ambiguous
Q8NGV5	M290Q	0.1882	benign
Q8NGV5	M290R	0.1082	benign
Q8NGV5	M290S	0.2486	benign
Q8NGV5	M290T	0.1186	benign
Q8NGV5	M290V	0.0865	benign
Q8NGV5	M290W	0.4274	ambiguous
Q8NGV5	M290Y	0.5024	ambiguous
Q8NGV5	Y291A	0.3515	ambiguous
Q8NGV5	Y291C	0.1351	benign
Q8NGV5	Y291D	0.1609	benign
Q8NGV5	Y291E	0.461	ambiguous
Q8NGV5	Y291F	0.1331	benign
Q8NGV5	Y291G	0.2634	benign
Q8NGV5	Y291H	0.177	benign
Q8NGV5	Y291I	0.3424	ambiguous
Q8NGV5	Y291K	0.4151	ambiguous
Q8NGV5	Y291L	0.2906	benign
Q8NGV5	Y291M	0.4943	ambiguous
Q8NGV5	Y291N	0.1398	benign
Q8NGV5	Y291P	0.4548	ambiguous
Q8NGV5	Y291Q	0.389	ambiguous
Q8NGV5	Y291R	0.3189	benign
Q8NGV5	Y291S	0.1782	benign
Q8NGV5	Y291T	0.3457	ambiguous
Q8NGV5	Y291V	0.268	benign
Q8NGV5	Y291W	0.3999	ambiguous
Q8NGV5	M292A	0.2709	benign
Q8NGV5	M292C	0.5612	ambiguous
Q8NGV5	M292D	0.6469	pathogenic
Q8NGV5	M292E	0.34	benign
Q8NGV5	M292F	0.2636	benign
Q8NGV5	M292G	0.3695	ambiguous
Q8NGV5	M292H	0.4089	ambiguous
Q8NGV5	M292I	0.2449	benign
Q8NGV5	M292K	0.1323	benign
Q8NGV5	M292L	0.0917	benign
Q8NGV5	M292N	0.4264	ambiguous
Q8NGV5	M292P	0.4767	ambiguous
Q8NGV5	M292Q	0.1849	benign
Q8NGV5	M292R	0.1091	benign
Q8NGV5	M292S	0.2905	benign
Q8NGV5	M292T	0.1361	benign
Q8NGV5	M292V	0.0772	benign
Q8NGV5	M292W	0.3814	ambiguous
Q8NGV5	M292Y	0.4889	ambiguous
Q8NGV5	K293A	0.3827	ambiguous
Q8NGV5	K293C	0.6145	pathogenic
Q8NGV5	K293D	0.5287	ambiguous
Q8NGV5	K293E	0.1809	benign
Q8NGV5	K293F	0.5222	ambiguous
Q8NGV5	K293G	0.4338	ambiguous
Q8NGV5	K293H	0.2972	benign
Q8NGV5	K293I	0.2265	benign
Q8NGV5	K293L	0.2368	benign
Q8NGV5	K293M	0.1789	benign
Q8NGV5	K293N	0.3315	benign
Q8NGV5	K293P	0.4885	ambiguous
Q8NGV5	K293Q	0.1377	benign
Q8NGV5	K293R	0.0989	benign
Q8NGV5	K293S	0.3958	ambiguous
Q8NGV5	K293T	0.2104	benign
Q8NGV5	K293V	0.2984	benign
Q8NGV5	K293W	0.5921	pathogenic
Q8NGV5	K293Y	0.3877	ambiguous
Q8NGV5	P294A	0.1958	benign
Q8NGV5	P294C	0.7058	pathogenic
Q8NGV5	P294D	0.5355	ambiguous
Q8NGV5	P294E	0.3962	ambiguous
Q8NGV5	P294F	0.614	pathogenic
Q8NGV5	P294G	0.4566	ambiguous
Q8NGV5	P294H	0.2875	benign
Q8NGV5	P294I	0.4442	ambiguous
Q8NGV5	P294K	0.3649	ambiguous
Q8NGV5	P294L	0.2025	benign
Q8NGV5	P294M	0.4678	ambiguous
Q8NGV5	P294N	0.4822	ambiguous
Q8NGV5	P294Q	0.2491	benign
Q8NGV5	P294R	0.2419	benign
Q8NGV5	P294S	0.2569	benign
Q8NGV5	P294T	0.1823	benign
Q8NGV5	P294V	0.3503	ambiguous
Q8NGV5	P294W	0.65	pathogenic
Q8NGV5	P294Y	0.513	ambiguous
Q8NGV5	K295A	0.227	benign
Q8NGV5	K295C	0.6519	pathogenic
Q8NGV5	K295D	0.3604	ambiguous
Q8NGV5	K295E	0.1312	benign
Q8NGV5	K295F	0.5798	pathogenic
Q8NGV5	K295G	0.3175	benign
Q8NGV5	K295H	0.2916	benign
Q8NGV5	K295I	0.2285	benign
Q8NGV5	K295L	0.2564	benign
Q8NGV5	K295M	0.1972	benign
Q8NGV5	K295N	0.2886	benign
Q8NGV5	K295P	0.3561	ambiguous
Q8NGV5	K295Q	0.1304	benign
Q8NGV5	K295R	0.081	benign
Q8NGV5	K295S	0.2752	benign
Q8NGV5	K295T	0.1361	benign
Q8NGV5	K295V	0.2274	benign
Q8NGV5	K295W	0.6713	pathogenic
Q8NGV5	K295Y	0.4505	ambiguous
Q8NGV5	S296A	0.0953	benign
Q8NGV5	S296C	0.1428	benign
Q8NGV5	S296D	0.2585	benign
Q8NGV5	S296E	0.302	benign
Q8NGV5	S296F	0.2037	benign
Q8NGV5	S296G	0.1034	benign
Q8NGV5	S296H	0.2792	benign
Q8NGV5	S296I	0.1813	benign
Q8NGV5	S296K	0.4136	ambiguous
Q8NGV5	S296L	0.113	benign
Q8NGV5	S296M	0.2251	benign
Q8NGV5	S296N	0.1515	benign
Q8NGV5	S296P	0.1303	benign
Q8NGV5	S296Q	0.3449	ambiguous
Q8NGV5	S296R	0.3301	benign
Q8NGV5	S296T	0.0973	benign
Q8NGV5	S296V	0.1888	benign
Q8NGV5	S296W	0.2015	benign
Q8NGV5	S296Y	0.1227	benign
Q8NGV5	K297A	0.2088	benign
Q8NGV5	K297C	0.5584	ambiguous
Q8NGV5	K297D	0.2583	benign
Q8NGV5	K297E	0.0895	benign
Q8NGV5	K297F	0.5284	ambiguous
Q8NGV5	K297G	0.2229	benign
Q8NGV5	K297H	0.2772	benign
Q8NGV5	K297I	0.2075	benign
Q8NGV5	K297L	0.2282	benign
Q8NGV5	K297M	0.1622	benign
Q8NGV5	K297N	0.2097	benign
Q8NGV5	K297P	0.3647	ambiguous
Q8NGV5	K297Q	0.1097	benign
Q8NGV5	K297R	0.0765	benign
Q8NGV5	K297S	0.2156	benign
Q8NGV5	K297T	0.115	benign
Q8NGV5	K297V	0.2025	benign
Q8NGV5	K297W	0.5227	ambiguous
Q8NGV5	K297Y	0.4051	ambiguous
Q8NGV5	N298A	0.1472	benign
Q8NGV5	N298C	0.2226	benign
Q8NGV5	N298D	0.0696	benign
Q8NGV5	N298E	0.1709	benign
Q8NGV5	N298F	0.2659	benign
Q8NGV5	N298G	0.1971	benign
Q8NGV5	N298H	0.0916	benign
Q8NGV5	N298I	0.0985	benign
Q8NGV5	N298K	0.1557	benign
Q8NGV5	N298L	0.1534	benign
Q8NGV5	N298M	0.2005	benign
Q8NGV5	N298P	0.333	benign
Q8NGV5	N298Q	0.1924	benign
Q8NGV5	N298R	0.1746	benign
Q8NGV5	N298S	0.0925	benign
Q8NGV5	N298T	0.0975	benign
Q8NGV5	N298V	0.1134	benign
Q8NGV5	N298W	0.4818	ambiguous
Q8NGV5	N298Y	0.0745	benign
Q8NGV5	T299A	0.0759	benign
Q8NGV5	T299C	0.3861	ambiguous
Q8NGV5	T299D	0.1887	benign
Q8NGV5	T299E	0.189	benign
Q8NGV5	T299F	0.1929	benign
Q8NGV5	T299G	0.1745	benign
Q8NGV5	T299H	0.181	benign
Q8NGV5	T299I	0.1306	benign
Q8NGV5	T299K	0.1306	benign
Q8NGV5	T299L	0.1075	benign
Q8NGV5	T299M	0.0982	benign
Q8NGV5	T299N	0.0933	benign
Q8NGV5	T299P	0.0882	benign
Q8NGV5	T299Q	0.1723	benign
Q8NGV5	T299R	0.0941	benign
Q8NGV5	T299S	0.093	benign
Q8NGV5	T299V	0.146	benign
Q8NGV5	T299W	0.3854	ambiguous
Q8NGV5	T299Y	0.1875	benign
Q8NGV5	N300A	0.1161	benign
Q8NGV5	N300C	0.2167	benign
Q8NGV5	N300D	0.0757	benign
Q8NGV5	N300E	0.1632	benign
Q8NGV5	N300F	0.281	benign
Q8NGV5	N300G	0.1799	benign
Q8NGV5	N300H	0.0836	benign
Q8NGV5	N300I	0.0992	benign
Q8NGV5	N300K	0.1038	benign
Q8NGV5	N300L	0.1294	benign
Q8NGV5	N300M	0.1882	benign
Q8NGV5	N300P	0.2358	benign
Q8NGV5	N300Q	0.1617	benign
Q8NGV5	N300R	0.1169	benign
Q8NGV5	N300S	0.0747	benign
Q8NGV5	N300T	0.0888	benign
Q8NGV5	N300V	0.1107	benign
Q8NGV5	N300W	0.4959	ambiguous
Q8NGV5	N300Y	0.0971	benign
Q8NGV5	T301A	0.0722	benign
Q8NGV5	T301C	0.3702	ambiguous
Q8NGV5	T301D	0.178	benign
Q8NGV5	T301E	0.1834	benign
Q8NGV5	T301F	0.1474	benign
Q8NGV5	T301G	0.1991	benign
Q8NGV5	T301H	0.1552	benign
Q8NGV5	T301I	0.083	benign
Q8NGV5	T301K	0.1174	benign
Q8NGV5	T301L	0.0836	benign
Q8NGV5	T301M	0.0922	benign
Q8NGV5	T301N	0.0955	benign
Q8NGV5	T301P	0.0964	benign
Q8NGV5	T301Q	0.171	benign
Q8NGV5	T301R	0.0918	benign
Q8NGV5	T301S	0.1012	benign
Q8NGV5	T301V	0.1018	benign
Q8NGV5	T301W	0.379	ambiguous
Q8NGV5	T301Y	0.1531	benign
Q8NGV5	S302A	0.0799	benign
Q8NGV5	S302C	0.1344	benign
Q8NGV5	S302D	0.2544	benign
Q8NGV5	S302E	0.3048	benign
Q8NGV5	S302F	0.1561	benign
Q8NGV5	S302G	0.1084	benign
Q8NGV5	S302H	0.2469	benign
Q8NGV5	S302I	0.1214	benign
Q8NGV5	S302K	0.37	ambiguous
Q8NGV5	S302L	0.1013	benign
Q8NGV5	S302M	0.1867	benign
Q8NGV5	S302N	0.1581	benign
Q8NGV5	S302P	0.1328	benign
Q8NGV5	S302Q	0.3447	ambiguous
Q8NGV5	S302R	0.2937	benign
Q8NGV5	S302T	0.0731	benign
Q8NGV5	S302V	0.1343	benign
Q8NGV5	S302W	0.1625	benign
Q8NGV5	S302Y	0.1173	benign
Q8NGV5	D303A	0.1763	benign
Q8NGV5	D303C	0.4746	ambiguous
Q8NGV5	D303E	0.2231	benign
Q8NGV5	D303F	0.5059	ambiguous
Q8NGV5	D303G	0.1403	benign
Q8NGV5	D303H	0.2106	benign
Q8NGV5	D303I	0.317	benign
Q8NGV5	D303K	0.2467	benign
Q8NGV5	D303L	0.3298	benign
Q8NGV5	D303M	0.5547	ambiguous
Q8NGV5	D303N	0.1145	benign
Q8NGV5	D303P	0.5625	ambiguous
Q8NGV5	D303Q	0.2981	benign
Q8NGV5	D303R	0.2321	benign
Q8NGV5	D303S	0.1307	benign
Q8NGV5	D303T	0.2113	benign
Q8NGV5	D303V	0.1905	benign
Q8NGV5	D303W	0.7067	pathogenic
Q8NGV5	D303Y	0.1579	benign
Q8NGV5	E304A	0.1429	benign
Q8NGV5	E304C	0.7445	pathogenic
Q8NGV5	E304D	0.212	benign
Q8NGV5	E304F	0.6595	pathogenic
Q8NGV5	E304G	0.1469	benign
Q8NGV5	E304H	0.3716	ambiguous
Q8NGV5	E304I	0.2848	benign
Q8NGV5	E304K	0.0872	benign
Q8NGV5	E304L	0.3283	benign
Q8NGV5	E304M	0.3745	ambiguous
Q8NGV5	E304N	0.2827	benign
Q8NGV5	E304P	0.6301	pathogenic
Q8NGV5	E304Q	0.1299	benign
Q8NGV5	E304R	0.1476	benign
Q8NGV5	E304S	0.2192	benign
Q8NGV5	E304T	0.2067	benign
Q8NGV5	E304V	0.187	benign
Q8NGV5	E304W	0.8017	pathogenic
Q8NGV5	E304Y	0.4549	ambiguous
Q8NGV5	I305A	0.3085	benign
Q8NGV5	I305C	0.5543	ambiguous
Q8NGV5	I305D	0.4513	ambiguous
Q8NGV5	I305E	0.4364	ambiguous
Q8NGV5	I305F	0.0976	benign
Q8NGV5	I305G	0.4738	ambiguous
Q8NGV5	I305H	0.3696	ambiguous
Q8NGV5	I305K	0.247	benign
Q8NGV5	I305L	0.103	benign
Q8NGV5	I305M	0.0769	benign
Q8NGV5	I305N	0.1595	benign
Q8NGV5	I305P	0.6203	pathogenic
Q8NGV5	I305Q	0.348	ambiguous
Q8NGV5	I305R	0.1948	benign
Q8NGV5	I305S	0.2358	benign
Q8NGV5	I305T	0.2151	benign
Q8NGV5	I305V	0.1077	benign
Q8NGV5	I305W	0.4859	ambiguous
Q8NGV5	I305Y	0.295	benign
Q8NGV5	I306A	0.125	benign
Q8NGV5	I306C	0.5403	ambiguous
Q8NGV5	I306D	0.5039	ambiguous
Q8NGV5	I306E	0.4277	ambiguous
Q8NGV5	I306F	0.0822	benign
Q8NGV5	I306G	0.3941	ambiguous
Q8NGV5	I306H	0.3474	ambiguous
Q8NGV5	I306K	0.2462	benign
Q8NGV5	I306L	0.0955	benign
Q8NGV5	I306M	0.0829	benign
Q8NGV5	I306N	0.232	benign
Q8NGV5	I306P	0.2873	benign
Q8NGV5	I306Q	0.3174	benign
Q8NGV5	I306R	0.1475	benign
Q8NGV5	I306S	0.146	benign
Q8NGV5	I306T	0.0566	benign
Q8NGV5	I306V	0.0909	benign
Q8NGV5	I306W	0.3833	ambiguous
Q8NGV5	I306Y	0.3464	ambiguous
Q8NGV5	G307A	0.0821	benign
Q8NGV5	G307C	0.1182	benign
Q8NGV5	G307D	0.1766	benign
Q8NGV5	G307E	0.1516	benign
Q8NGV5	G307F	0.2761	benign
Q8NGV5	G307H	0.246	benign
Q8NGV5	G307I	0.1368	benign
Q8NGV5	G307K	0.2887	benign
Q8NGV5	G307L	0.1788	benign
Q8NGV5	G307M	0.2658	benign
Q8NGV5	G307N	0.2686	benign
Q8NGV5	G307P	0.4342	ambiguous
Q8NGV5	G307Q	0.2347	benign
Q8NGV5	G307R	0.1574	benign
Q8NGV5	G307S	0.0815	benign
Q8NGV5	G307T	0.1181	benign
Q8NGV5	G307V	0.1041	benign
Q8NGV5	G307W	0.1612	benign
Q8NGV5	G307Y	0.1964	benign
Q8NGV5	L308A	0.326	benign
Q8NGV5	L308C	0.4661	ambiguous
Q8NGV5	L308D	0.6066	pathogenic
Q8NGV5	L308E	0.4485	ambiguous
Q8NGV5	L308F	0.0915	benign
Q8NGV5	L308G	0.4663	ambiguous
Q8NGV5	L308H	0.2691	benign
Q8NGV5	L308I	0.0942	benign
Q8NGV5	L308K	0.2975	benign
Q8NGV5	L308M	0.1226	benign
Q8NGV5	L308N	0.3984	ambiguous
Q8NGV5	L308P	0.2293	benign
Q8NGV5	L308Q	0.236	benign
Q8NGV5	L308R	0.2535	benign
Q8NGV5	L308S	0.306	benign
Q8NGV5	L308T	0.2744	benign
Q8NGV5	L308V	0.114	benign
Q8NGV5	L308W	0.1817	benign
Q8NGV5	L308Y	0.3242	benign
Q8NGV5	S309A	0.0954	benign
Q8NGV5	S309C	0.0759	benign
Q8NGV5	S309D	0.5293	ambiguous
Q8NGV5	S309E	0.5713	pathogenic
Q8NGV5	S309F	0.0977	benign
Q8NGV5	S309G	0.1084	benign
Q8NGV5	S309H	0.3219	benign
Q8NGV5	S309I	0.1094	benign
Q8NGV5	S309K	0.6714	pathogenic
Q8NGV5	S309L	0.0897	benign
Q8NGV5	S309M	0.1951	benign
Q8NGV5	S309N	0.2382	benign
Q8NGV5	S309P	0.1161	benign
Q8NGV5	S309Q	0.4775	ambiguous
Q8NGV5	S309R	0.5008	ambiguous
Q8NGV5	S309T	0.0859	benign
Q8NGV5	S309V	0.1517	benign
Q8NGV5	S309W	0.1395	benign
Q8NGV5	S309Y	0.1201	benign
Q8NGV5	Y310A	0.3065	benign
Q8NGV5	Y310C	0.0828	benign
Q8NGV5	Y310D	0.147	benign
Q8NGV5	Y310E	0.4516	ambiguous
Q8NGV5	Y310F	0.1121	benign
Q8NGV5	Y310G	0.2212	benign
Q8NGV5	Y310H	0.1614	benign
Q8NGV5	Y310I	0.331	benign
Q8NGV5	Y310K	0.3879	ambiguous
Q8NGV5	Y310L	0.2746	benign
Q8NGV5	Y310M	0.4791	ambiguous
Q8NGV5	Y310N	0.1448	benign
Q8NGV5	Y310P	0.4612	ambiguous
Q8NGV5	Y310Q	0.3636	ambiguous
Q8NGV5	Y310R	0.2432	benign
Q8NGV5	Y310S	0.121	benign
Q8NGV5	Y310T	0.271	benign
Q8NGV5	Y310V	0.2534	benign
Q8NGV5	Y310W	0.2409	benign
Q8NGV5	G311A	0.0983	benign
Q8NGV5	G311C	0.1331	benign
Q8NGV5	G311D	0.1773	benign
Q8NGV5	G311E	0.143	benign
Q8NGV5	G311F	0.3647	ambiguous
Q8NGV5	G311H	0.2701	benign
Q8NGV5	G311I	0.161	benign
Q8NGV5	G311K	0.2479	benign
Q8NGV5	G311L	0.2558	benign
Q8NGV5	G311M	0.2894	benign
Q8NGV5	G311N	0.2786	benign
Q8NGV5	G311P	0.6252	pathogenic
Q8NGV5	G311Q	0.2371	benign
Q8NGV5	G311R	0.1352	benign
Q8NGV5	G311S	0.0897	benign
Q8NGV5	G311T	0.1333	benign
Q8NGV5	G311V	0.1113	benign
Q8NGV5	G311W	0.1828	benign
Q8NGV5	G311Y	0.248	benign
Q8NGV5	V312A	0.1233	benign
Q8NGV5	V312C	0.5878	pathogenic
Q8NGV5	V312D	0.244	benign
Q8NGV5	V312E	0.274	benign
Q8NGV5	V312F	0.1132	benign
Q8NGV5	V312G	0.1645	benign
Q8NGV5	V312H	0.524	ambiguous
Q8NGV5	V312I	0.0746	benign
Q8NGV5	V312K	0.3236	benign
Q8NGV5	V312L	0.172	benign
Q8NGV5	V312M	0.1012	benign
Q8NGV5	V312N	0.2568	benign
Q8NGV5	V312P	0.4491	ambiguous
Q8NGV5	V312Q	0.3654	ambiguous
Q8NGV5	V312R	0.2932	benign
Q8NGV5	V312S	0.2081	benign
Q8NGV5	V312T	0.1728	benign
Q8NGV5	V312W	0.5534	ambiguous
Q8NGV5	V312Y	0.405	ambiguous
Q8NGV5	V313A	0.1677	benign
Q8NGV5	V313C	0.5328	ambiguous
Q8NGV5	V313D	0.3345	benign
Q8NGV5	V313E	0.3747	ambiguous
Q8NGV5	V313F	0.0944	benign
Q8NGV5	V313G	0.1669	benign
Q8NGV5	V313H	0.5581	ambiguous
Q8NGV5	V313I	0.073	benign
Q8NGV5	V313K	0.4043	ambiguous
Q8NGV5	V313L	0.1222	benign
Q8NGV5	V313M	0.1219	benign
Q8NGV5	V313N	0.3357	benign
Q8NGV5	V313P	0.3824	ambiguous
Q8NGV5	V313Q	0.383	ambiguous
Q8NGV5	V313R	0.3418	ambiguous
Q8NGV5	V313S	0.2439	benign
Q8NGV5	V313T	0.2284	benign
Q8NGV5	V313W	0.5019	ambiguous
Q8NGV5	V313Y	0.3863	ambiguous
Q8NGV5	S314A	0.0835	benign
Q8NGV5	S314C	0.1333	benign
Q8NGV5	S314D	0.411	ambiguous
Q8NGV5	S314E	0.4687	ambiguous
Q8NGV5	S314F	0.1382	benign
Q8NGV5	S314G	0.1044	benign
Q8NGV5	S314H	0.3064	benign
Q8NGV5	S314I	0.0929	benign
Q8NGV5	S314K	0.5417	ambiguous
Q8NGV5	S314L	0.081	benign
Q8NGV5	S314M	0.1526	benign
Q8NGV5	S314N	0.1478	benign
Q8NGV5	S314P	0.0672	benign
Q8NGV5	S314Q	0.447	ambiguous
Q8NGV5	S314R	0.4417	ambiguous
Q8NGV5	S314T	0.0603	benign
Q8NGV5	S314V	0.147	benign
Q8NGV5	S314W	0.2345	benign
Q8NGV5	S314Y	0.1412	benign
Q8NGV5	P315A	0.1112	benign
Q8NGV5	P315C	0.3537	ambiguous
Q8NGV5	P315D	0.4749	ambiguous
Q8NGV5	P315E	0.3633	ambiguous
Q8NGV5	P315F	0.4001	ambiguous
Q8NGV5	P315G	0.3106	benign
Q8NGV5	P315H	0.1883	benign
Q8NGV5	P315I	0.3083	benign
Q8NGV5	P315K	0.307	benign
Q8NGV5	P315L	0.1236	benign
Q8NGV5	P315M	0.3594	ambiguous
Q8NGV5	P315N	0.4011	ambiguous
Q8NGV5	P315Q	0.2123	benign
Q8NGV5	P315R	0.1797	benign
Q8NGV5	P315S	0.1449	benign
Q8NGV5	P315T	0.1325	benign
Q8NGV5	P315V	0.2482	benign
Q8NGV5	P315W	0.4913	ambiguous
Q8NGV5	P315Y	0.3726	ambiguous
Q8NGV5	M316A	0.2967	benign
Q8NGV5	M316C	0.6618	pathogenic
Q8NGV5	M316D	0.7766	pathogenic
Q8NGV5	M316E	0.5532	ambiguous
Q8NGV5	M316F	0.3181	benign
Q8NGV5	M316G	0.5118	ambiguous
Q8NGV5	M316H	0.5712	pathogenic
Q8NGV5	M316I	0.3161	benign
Q8NGV5	M316K	0.2537	benign
Q8NGV5	M316L	0.1207	benign
Q8NGV5	M316N	0.5504	ambiguous
Q8NGV5	M316P	0.5104	ambiguous
Q8NGV5	M316Q	0.3279	benign
Q8NGV5	M316R	0.2277	benign
Q8NGV5	M316S	0.3289	benign
Q8NGV5	M316T	0.146	benign
Q8NGV5	M316V	0.0828	benign
Q8NGV5	M316W	0.6329	pathogenic
Q8NGV5	M316Y	0.664	pathogenic
Q8NGV5	L317A	0.3094	benign
Q8NGV5	L317C	0.4082	ambiguous
Q8NGV5	L317D	0.6939	pathogenic
Q8NGV5	L317E	0.4206	ambiguous
Q8NGV5	L317F	0.1357	benign
Q8NGV5	L317G	0.4152	ambiguous
Q8NGV5	L317H	0.3091	benign
Q8NGV5	L317I	0.1225	benign
Q8NGV5	L317K	0.2934	benign
Q8NGV5	L317M	0.1266	benign
Q8NGV5	L317N	0.4919	ambiguous
Q8NGV5	L317P	0.2053	benign
Q8NGV5	L317Q	0.1951	benign
Q8NGV5	L317R	0.2268	benign
Q8NGV5	L317S	0.3316	benign
Q8NGV5	L317T	0.2965	benign
Q8NGV5	L317V	0.128	benign
Q8NGV5	L317W	0.1731	benign
Q8NGV5	L317Y	0.4149	ambiguous
Q8NGV5	N318A	0.3975	ambiguous
Q8NGV5	N318C	0.3525	ambiguous
Q8NGV5	N318D	0.2824	benign
Q8NGV5	N318E	0.5449	ambiguous
Q8NGV5	N318F	0.4388	ambiguous
Q8NGV5	N318G	0.4598	ambiguous
Q8NGV5	N318H	0.1432	benign
Q8NGV5	N318I	0.165	benign
Q8NGV5	N318K	0.3256	benign
Q8NGV5	N318L	0.2167	benign
Q8NGV5	N318M	0.3503	ambiguous
Q8NGV5	N318P	0.3478	ambiguous
Q8NGV5	N318Q	0.4975	ambiguous
Q8NGV5	N318R	0.4021	ambiguous
Q8NGV5	N318S	0.1445	benign
Q8NGV5	N318T	0.2313	benign
Q8NGV5	N318V	0.3018	benign
Q8NGV5	N318W	0.6921	pathogenic
Q8NGV5	N318Y	0.1559	benign
Q8NGV5	P319A	0.158	benign
Q8NGV5	P319C	0.43	ambiguous
Q8NGV5	P319D	0.4762	ambiguous
Q8NGV5	P319E	0.4309	ambiguous
Q8NGV5	P319F	0.4599	ambiguous
Q8NGV5	P319G	0.398	ambiguous
Q8NGV5	P319H	0.1967	benign
Q8NGV5	P319I	0.3248	benign
Q8NGV5	P319K	0.3757	ambiguous
Q8NGV5	P319L	0.169	benign
Q8NGV5	P319M	0.4129	ambiguous
Q8NGV5	P319N	0.4275	ambiguous
Q8NGV5	P319Q	0.2685	benign
Q8NGV5	P319R	0.2103	benign
Q8NGV5	P319S	0.2035	benign
Q8NGV5	P319T	0.1537	benign
Q8NGV5	P319V	0.2928	benign
Q8NGV5	P319W	0.5545	ambiguous
Q8NGV5	P319Y	0.4051	ambiguous
Q8NGV5	I320A	0.2533	benign
Q8NGV5	I320C	0.4987	ambiguous
Q8NGV5	I320D	0.5782	pathogenic
Q8NGV5	I320E	0.499	ambiguous
Q8NGV5	I320F	0.1104	benign
Q8NGV5	I320G	0.4709	ambiguous
Q8NGV5	I320H	0.4407	ambiguous
Q8NGV5	I320K	0.2978	benign
Q8NGV5	I320L	0.0906	benign
Q8NGV5	I320M	0.0915	benign
Q8NGV5	I320N	0.2345	benign
Q8NGV5	I320P	0.5141	ambiguous
Q8NGV5	I320Q	0.3777	ambiguous
Q8NGV5	I320R	0.217	benign
Q8NGV5	I320S	0.2435	benign
Q8NGV5	I320T	0.2057	benign
Q8NGV5	I320V	0.0803	benign
Q8NGV5	I320W	0.5695	pathogenic
Q8NGV5	I320Y	0.3949	ambiguous
Q8NGV5	I321A	0.4362	ambiguous
Q8NGV5	I321C	0.6369	pathogenic
Q8NGV5	I321D	0.6897	pathogenic
Q8NGV5	I321E	0.6543	pathogenic
Q8NGV5	I321F	0.1436	benign
Q8NGV5	I321G	0.6253	pathogenic
Q8NGV5	I321H	0.4768	ambiguous
Q8NGV5	I321K	0.3795	ambiguous
Q8NGV5	I321L	0.1589	benign
Q8NGV5	I321M	0.1665	benign
Q8NGV5	I321N	0.2741	benign
Q8NGV5	I321P	0.5526	ambiguous
Q8NGV5	I321Q	0.477	ambiguous
Q8NGV5	I321R	0.2531	benign
Q8NGV5	I321S	0.2983	benign
Q8NGV5	I321T	0.2394	benign
Q8NGV5	I321V	0.137	benign
Q8NGV5	I321W	0.6659	pathogenic
Q8NGV5	I321Y	0.4613	ambiguous
Q8NGV5	Y322A	0.4857	ambiguous
Q8NGV5	Y322C	0.106	benign
Q8NGV5	Y322D	0.2275	benign
Q8NGV5	Y322E	0.6501	pathogenic
Q8NGV5	Y322F	0.1363	benign
Q8NGV5	Y322G	0.3608	ambiguous
Q8NGV5	Y322H	0.2213	benign
Q8NGV5	Y322I	0.4324	ambiguous
Q8NGV5	Y322K	0.6099	pathogenic
Q8NGV5	Y322L	0.3784	ambiguous
Q8NGV5	Y322M	0.6693	pathogenic
Q8NGV5	Y322N	0.2255	benign
Q8NGV5	Y322P	0.4933	ambiguous
Q8NGV5	Y322Q	0.5216	ambiguous
Q8NGV5	Y322R	0.3993	ambiguous
Q8NGV5	Y322S	0.211	benign
Q8NGV5	Y322T	0.4806	ambiguous
Q8NGV5	Y322V	0.3707	ambiguous
Q8NGV5	Y322W	0.34	ambiguous
Q8NGV5	S323A	0.1418	benign
Q8NGV5	S323C	0.1062	benign
Q8NGV5	S323D	0.529	ambiguous
Q8NGV5	S323E	0.6738	pathogenic
Q8NGV5	S323F	0.1787	benign
Q8NGV5	S323G	0.1116	benign
Q8NGV5	S323H	0.3587	ambiguous
Q8NGV5	S323I	0.1385	benign
Q8NGV5	S323K	0.6953	pathogenic
Q8NGV5	S323L	0.1393	benign
Q8NGV5	S323M	0.2876	benign
Q8NGV5	S323N	0.2415	benign
Q8NGV5	S323P	0.1882	benign
Q8NGV5	S323Q	0.6178	pathogenic
Q8NGV5	S323R	0.491	ambiguous
Q8NGV5	S323T	0.1167	benign
Q8NGV5	S323V	0.2343	benign
Q8NGV5	S323W	0.2299	benign
Q8NGV5	S323Y	0.1577	benign
Q8NGV5	L324A	0.3251	benign
Q8NGV5	L324C	0.4227	ambiguous
Q8NGV5	L324D	0.6834	pathogenic
Q8NGV5	L324E	0.4088	ambiguous
Q8NGV5	L324F	0.0967	benign
Q8NGV5	L324G	0.4763	ambiguous
Q8NGV5	L324H	0.2289	benign
Q8NGV5	L324I	0.1203	benign
Q8NGV5	L324K	0.2479	benign
Q8NGV5	L324M	0.1503	benign
Q8NGV5	L324N	0.4789	ambiguous
Q8NGV5	L324P	0.2321	benign
Q8NGV5	L324Q	0.1645	benign
Q8NGV5	L324R	0.1659	benign
Q8NGV5	L324S	0.2903	benign
Q8NGV5	L324T	0.2874	benign
Q8NGV5	L324V	0.128	benign
Q8NGV5	L324W	0.149	benign
Q8NGV5	L324Y	0.3602	ambiguous
Q8NGV5	R325A	0.449	ambiguous
Q8NGV5	R325C	0.1224	benign
Q8NGV5	R325D	0.6136	pathogenic
Q8NGV5	R325E	0.3085	benign
Q8NGV5	R325F	0.4978	ambiguous
Q8NGV5	R325G	0.1821	benign
Q8NGV5	R325H	0.1165	benign
Q8NGV5	R325I	0.2847	benign
Q8NGV5	R325K	0.1239	benign
Q8NGV5	R325L	0.2583	benign
Q8NGV5	R325M	0.3027	benign
Q8NGV5	R325N	0.5708	pathogenic
Q8NGV5	R325P	0.462	ambiguous
Q8NGV5	R325Q	0.0974	benign
Q8NGV5	R325S	0.4597	ambiguous
Q8NGV5	R325T	0.3169	benign
Q8NGV5	R325V	0.434	ambiguous
Q8NGV5	R325W	0.1085	benign
Q8NGV5	R325Y	0.3362	benign
Q8NGV5	N326A	0.4627	ambiguous
Q8NGV5	N326C	0.3718	ambiguous
Q8NGV5	N326D	0.2151	benign
Q8NGV5	N326E	0.4463	ambiguous
Q8NGV5	N326F	0.6196	pathogenic
Q8NGV5	N326G	0.3791	ambiguous
Q8NGV5	N326H	0.2054	benign
Q8NGV5	N326I	0.3012	benign
Q8NGV5	N326K	0.2977	benign
Q8NGV5	N326L	0.3466	ambiguous
Q8NGV5	N326M	0.4066	ambiguous
Q8NGV5	N326P	0.5973	pathogenic
Q8NGV5	N326Q	0.4501	ambiguous
Q8NGV5	N326R	0.3617	ambiguous
Q8NGV5	N326S	0.1595	benign
Q8NGV5	N326T	0.2714	benign
Q8NGV5	N326V	0.3603	ambiguous
Q8NGV5	N326W	0.6834	pathogenic
Q8NGV5	N326Y	0.2105	benign
Q8NGV5	K327A	0.2335	benign
Q8NGV5	K327C	0.5239	ambiguous
Q8NGV5	K327D	0.3377	benign
Q8NGV5	K327E	0.1035	benign
Q8NGV5	K327F	0.6083	pathogenic
Q8NGV5	K327G	0.2492	benign
Q8NGV5	K327H	0.304	benign
Q8NGV5	K327I	0.2504	benign
Q8NGV5	K327L	0.2609	benign
Q8NGV5	K327M	0.1717	benign
Q8NGV5	K327N	0.2782	benign
Q8NGV5	K327P	0.4668	ambiguous
Q8NGV5	K327Q	0.1264	benign
Q8NGV5	K327R	0.078	benign
Q8NGV5	K327S	0.29	benign
Q8NGV5	K327T	0.1347	benign
Q8NGV5	K327V	0.2343	benign
Q8NGV5	K327W	0.5614	ambiguous
Q8NGV5	K327Y	0.4501	ambiguous
Q8NGV5	E328A	0.1243	benign
Q8NGV5	E328C	0.7691	pathogenic
Q8NGV5	E328D	0.1347	benign
Q8NGV5	E328F	0.6405	pathogenic
Q8NGV5	E328G	0.1434	benign
Q8NGV5	E328H	0.4404	ambiguous
Q8NGV5	E328I	0.3705	ambiguous
Q8NGV5	E328K	0.1348	benign
Q8NGV5	E328L	0.3647	ambiguous
Q8NGV5	E328M	0.4509	ambiguous
Q8NGV5	E328N	0.3136	benign
Q8NGV5	E328P	0.4818	ambiguous
Q8NGV5	E328Q	0.1666	benign
Q8NGV5	E328R	0.2161	benign
Q8NGV5	E328S	0.2752	benign
Q8NGV5	E328T	0.2576	benign
Q8NGV5	E328V	0.1818	benign
Q8NGV5	E328W	0.7641	pathogenic
Q8NGV5	E328Y	0.4579	ambiguous
Q8NGV5	V329A	0.2562	benign
Q8NGV5	V329C	0.7085	pathogenic
Q8NGV5	V329D	0.2482	benign
Q8NGV5	V329E	0.2264	benign
Q8NGV5	V329F	0.1639	benign
Q8NGV5	V329G	0.146	benign
Q8NGV5	V329H	0.6058	pathogenic
Q8NGV5	V329I	0.1152	benign
Q8NGV5	V329K	0.3275	benign
Q8NGV5	V329L	0.2643	benign
Q8NGV5	V329M	0.1363	benign
Q8NGV5	V329N	0.3248	benign
Q8NGV5	V329P	0.6482	pathogenic
Q8NGV5	V329Q	0.3279	benign
Q8NGV5	V329R	0.3051	benign
Q8NGV5	V329S	0.3353	benign
Q8NGV5	V329T	0.3576	ambiguous
Q8NGV5	V329W	0.611	pathogenic
Q8NGV5	V329Y	0.472	ambiguous
Q8NGV5	K330A	0.2963	benign
Q8NGV5	K330C	0.5733	pathogenic
Q8NGV5	K330D	0.5184	ambiguous
Q8NGV5	K330E	0.1362	benign
Q8NGV5	K330F	0.6238	pathogenic
Q8NGV5	K330G	0.3223	benign
Q8NGV5	K330H	0.3518	ambiguous
Q8NGV5	K330I	0.2723	benign
Q8NGV5	K330L	0.2748	benign
Q8NGV5	K330M	0.1809	benign
Q8NGV5	K330N	0.3828	ambiguous
Q8NGV5	K330P	0.5819	pathogenic
Q8NGV5	K330Q	0.1367	benign
Q8NGV5	K330R	0.0839	benign
Q8NGV5	K330S	0.385	ambiguous
Q8NGV5	K330T	0.1646	benign
Q8NGV5	K330V	0.2848	benign
Q8NGV5	K330W	0.5481	ambiguous
Q8NGV5	K330Y	0.4731	ambiguous
Q8NGV5	E331A	0.0755	benign
Q8NGV5	E331C	0.4705	ambiguous
Q8NGV5	E331D	0.1085	benign
Q8NGV5	E331F	0.3942	ambiguous
Q8NGV5	E331G	0.0701	benign
Q8NGV5	E331H	0.2623	benign
Q8NGV5	E331I	0.1947	benign
Q8NGV5	E331K	0.0918	benign
Q8NGV5	E331L	0.1804	benign
Q8NGV5	E331M	0.2519	benign
Q8NGV5	E331N	0.1843	benign
Q8NGV5	E331P	0.4557	ambiguous
Q8NGV5	E331Q	0.1092	benign
Q8NGV5	E331R	0.1289	benign
Q8NGV5	E331S	0.154	benign
Q8NGV5	E331T	0.136	benign
Q8NGV5	E331V	0.1029	benign
Q8NGV5	E331W	0.5323	ambiguous
Q8NGV5	E331Y	0.2558	benign
Q8NGV5	A332C	0.5453	ambiguous
Q8NGV5	A332D	0.2154	benign
Q8NGV5	A332E	0.242	benign
Q8NGV5	A332F	0.406	ambiguous
Q8NGV5	A332G	0.1475	benign
Q8NGV5	A332H	0.5192	ambiguous
Q8NGV5	A332I	0.3155	benign
Q8NGV5	A332K	0.4453	ambiguous
Q8NGV5	A332L	0.2882	benign
Q8NGV5	A332M	0.2974	benign
Q8NGV5	A332N	0.3305	benign
Q8NGV5	A332P	0.3881	ambiguous
Q8NGV5	A332Q	0.4466	ambiguous
Q8NGV5	A332R	0.3773	ambiguous
Q8NGV5	A332S	0.1279	benign
Q8NGV5	A332T	0.1125	benign
Q8NGV5	A332V	0.1383	benign
Q8NGV5	A332W	0.702	pathogenic
Q8NGV5	A332Y	0.4817	ambiguous
Q8NGV5	V333A	0.1075	benign
Q8NGV5	V333C	0.4757	ambiguous
Q8NGV5	V333D	0.3015	benign
Q8NGV5	V333E	0.2101	benign
Q8NGV5	V333F	0.1011	benign
Q8NGV5	V333G	0.109	benign
Q8NGV5	V333H	0.4594	ambiguous
Q8NGV5	V333I	0.0861	benign
Q8NGV5	V333K	0.2065	benign
Q8NGV5	V333L	0.1118	benign
Q8NGV5	V333M	0.0856	benign
Q8NGV5	V333N	0.2623	benign
Q8NGV5	V333P	0.4644	ambiguous
Q8NGV5	V333Q	0.2101	benign
Q8NGV5	V333R	0.18	benign
Q8NGV5	V333S	0.1712	benign
Q8NGV5	V333T	0.1528	benign
Q8NGV5	V333W	0.4152	ambiguous
Q8NGV5	V333Y	0.3779	ambiguous
Q8NGV5	K334A	0.2162	benign
Q8NGV5	K334C	0.3687	ambiguous
Q8NGV5	K334D	0.3755	ambiguous
Q8NGV5	K334E	0.1086	benign
Q8NGV5	K334F	0.4058	ambiguous
Q8NGV5	K334G	0.1738	benign
Q8NGV5	K334H	0.2496	benign
Q8NGV5	K334I	0.1898	benign
Q8NGV5	K334L	0.1775	benign
Q8NGV5	K334M	0.1431	benign
Q8NGV5	K334N	0.2541	benign
Q8NGV5	K334P	0.4455	ambiguous
Q8NGV5	K334Q	0.0978	benign
Q8NGV5	K334R	0.0652	benign
Q8NGV5	K334S	0.2484	benign
Q8NGV5	K334T	0.1376	benign
Q8NGV5	K334V	0.1903	benign
Q8NGV5	K334W	0.3277	benign
Q8NGV5	K334Y	0.31	benign
Q8NGV5	K335A	0.1667	benign
Q8NGV5	K335C	0.4216	ambiguous
Q8NGV5	K335D	0.2585	benign
Q8NGV5	K335E	0.1024	benign
Q8NGV5	K335F	0.3938	ambiguous
Q8NGV5	K335G	0.2022	benign
Q8NGV5	K335H	0.2186	benign
Q8NGV5	K335I	0.1519	benign
Q8NGV5	K335L	0.1741	benign
Q8NGV5	K335M	0.1209	benign
Q8NGV5	K335N	0.1699	benign
Q8NGV5	K335P	0.4809	ambiguous
Q8NGV5	K335Q	0.1321	benign
Q8NGV5	K335R	0.0719	benign
Q8NGV5	K335S	0.24	benign
Q8NGV5	K335T	0.1058	benign
Q8NGV5	K335V	0.146	benign
Q8NGV5	K335W	0.4516	ambiguous
Q8NGV5	K335Y	0.2747	benign
Q8NGV5	V336A	0.1216	benign
Q8NGV5	V336C	0.4298	ambiguous
Q8NGV5	V336D	0.1435	benign
Q8NGV5	V336E	0.1659	benign
Q8NGV5	V336F	0.0823	benign
Q8NGV5	V336G	0.0993	benign
Q8NGV5	V336H	0.277	benign
Q8NGV5	V336I	0.0828	benign
Q8NGV5	V336K	0.1912	benign
Q8NGV5	V336L	0.1105	benign
Q8NGV5	V336M	0.1211	benign
Q8NGV5	V336N	0.1437	benign
Q8NGV5	V336P	0.3396	benign
Q8NGV5	V336Q	0.1978	benign
Q8NGV5	V336R	0.1646	benign
Q8NGV5	V336S	0.1364	benign
Q8NGV5	V336T	0.1578	benign
Q8NGV5	V336W	0.4164	ambiguous
Q8NGV5	V336Y	0.222	benign
Q8NGV5	L337A	0.1789	benign
Q8NGV5	L337C	0.2695	benign
Q8NGV5	L337D	0.4414	ambiguous
Q8NGV5	L337E	0.2949	benign
Q8NGV5	L337F	0.0761	benign
Q8NGV5	L337G	0.2688	benign
Q8NGV5	L337H	0.1593	benign
Q8NGV5	L337I	0.082	benign
Q8NGV5	L337K	0.182	benign
Q8NGV5	L337M	0.1187	benign
Q8NGV5	L337N	0.2826	benign
Q8NGV5	L337P	0.1671	benign
Q8NGV5	L337Q	0.1397	benign
Q8NGV5	L337R	0.1195	benign
Q8NGV5	L337S	0.1743	benign
Q8NGV5	L337T	0.168	benign
Q8NGV5	L337V	0.088	benign
Q8NGV5	L337W	0.1044	benign
Q8NGV5	L337Y	0.2054	benign
Q8NGV5	S338A	0.0837	benign
Q8NGV5	S338C	0.0706	benign
Q8NGV5	S338D	0.1567	benign
Q8NGV5	S338E	0.1921	benign
Q8NGV5	S338F	0.1037	benign
Q8NGV5	S338G	0.0627	benign
Q8NGV5	S338H	0.1232	benign
Q8NGV5	S338I	0.095	benign
Q8NGV5	S338K	0.1908	benign
Q8NGV5	S338L	0.0862	benign
Q8NGV5	S338M	0.1792	benign
Q8NGV5	S338N	0.0947	benign
Q8NGV5	S338P	0.1007	benign
Q8NGV5	S338Q	0.18	benign
Q8NGV5	S338R	0.1281	benign
Q8NGV5	S338T	0.0875	benign
Q8NGV5	S338V	0.1196	benign
Q8NGV5	S338W	0.1057	benign
Q8NGV5	S338Y	0.0796	benign
Q8NGV5	R339A	0.1954	benign
Q8NGV5	R339C	0.1196	benign
Q8NGV5	R339D	0.2662	benign
Q8NGV5	R339E	0.1672	benign
Q8NGV5	R339F	0.2485	benign
Q8NGV5	R339G	0.0914	benign
Q8NGV5	R339H	0.0899	benign
Q8NGV5	R339I	0.1372	benign
Q8NGV5	R339K	0.0947	benign
Q8NGV5	R339L	0.1271	benign
Q8NGV5	R339M	0.1744	benign
Q8NGV5	R339N	0.2611	benign
Q8NGV5	R339P	0.2341	benign
Q8NGV5	R339Q	0.0895	benign
Q8NGV5	R339S	0.1967	benign
Q8NGV5	R339T	0.1409	benign
Q8NGV5	R339V	0.1899	benign
Q8NGV5	R339W	0.1038	benign
Q8NGV5	R339Y	0.1908	benign
Q8NGV5	H340A	0.1664	benign
Q8NGV5	H340C	0.1142	benign
Q8NGV5	H340D	0.1109	benign
Q8NGV5	H340E	0.1525	benign
Q8NGV5	H340F	0.181	benign
Q8NGV5	H340G	0.1412	benign
Q8NGV5	H340I	0.1647	benign
Q8NGV5	H340K	0.1145	benign
Q8NGV5	H340L	0.1076	benign
Q8NGV5	H340M	0.3213	benign
Q8NGV5	H340N	0.0911	benign
Q8NGV5	H340P	0.0817	benign
Q8NGV5	H340Q	0.1096	benign
Q8NGV5	H340R	0.0675	benign
Q8NGV5	H340S	0.1238	benign
Q8NGV5	H340T	0.1558	benign
Q8NGV5	H340V	0.1571	benign
Q8NGV5	H340W	0.1995	benign
Q8NGV5	H340Y	0.0701	benign
Q8NGV5	L341A	0.1373	benign
Q8NGV5	L341C	0.1844	benign
Q8NGV5	L341D	0.2393	benign
Q8NGV5	L341E	0.1547	benign
Q8NGV5	L341F	0.0734	benign
Q8NGV5	L341G	0.1728	benign
Q8NGV5	L341H	0.0909	benign
Q8NGV5	L341I	0.0748	benign
Q8NGV5	L341K	0.0942	benign
Q8NGV5	L341M	0.1115	benign
Q8NGV5	L341N	0.1612	benign
Q8NGV5	L341P	0.0989	benign
Q8NGV5	L341Q	0.0829	benign
Q8NGV5	L341R	0.0668	benign
Q8NGV5	L341S	0.1105	benign
Q8NGV5	L341T	0.1196	benign
Q8NGV5	L341V	0.0813	benign
Q8NGV5	L341W	0.089	benign
Q8NGV5	L341Y	0.1407	benign
Q8NGV5	H342A	0.1376	benign
Q8NGV5	H342C	0.0984	benign
Q8NGV5	H342D	0.0995	benign
Q8NGV5	H342E	0.1553	benign
Q8NGV5	H342F	0.1391	benign
Q8NGV5	H342G	0.136	benign
Q8NGV5	H342I	0.1364	benign
Q8NGV5	H342K	0.1363	benign
Q8NGV5	H342L	0.0742	benign
Q8NGV5	H342M	0.2919	benign
Q8NGV5	H342N	0.0871	benign
Q8NGV5	H342P	0.0689	benign
Q8NGV5	H342Q	0.1152	benign
Q8NGV5	H342R	0.0726	benign
Q8NGV5	H342S	0.1193	benign
Q8NGV5	H342T	0.1455	benign
Q8NGV5	H342V	0.1223	benign
Q8NGV5	H342W	0.1975	benign
Q8NGV5	H342Y	0.0677	benign
Q8NGV5	L343A	0.1012	benign
Q8NGV5	L343C	0.152	benign
Q8NGV5	L343D	0.1573	benign
Q8NGV5	L343E	0.125	benign
Q8NGV5	L343F	0.0635	benign
Q8NGV5	L343G	0.1388	benign
Q8NGV5	L343H	0.0815	benign
Q8NGV5	L343I	0.0683	benign
Q8NGV5	L343K	0.0901	benign
Q8NGV5	L343M	0.1022	benign
Q8NGV5	L343N	0.1135	benign
Q8NGV5	L343P	0.0776	benign
Q8NGV5	L343Q	0.0768	benign
Q8NGV5	L343R	0.0655	benign
Q8NGV5	L343S	0.0869	benign
Q8NGV5	L343T	0.0901	benign
Q8NGV5	L343V	0.072	benign
Q8NGV5	L343W	0.0986	benign
Q8NGV5	L343Y	0.1223	benign
Q8NGV5	L344A	0.0937	benign
Q8NGV5	L344C	0.138	benign
Q8NGV5	L344D	0.1845	benign
Q8NGV5	L344E	0.0904	benign
Q8NGV5	L344F	0.0763	benign
Q8NGV5	L344G	0.1122	benign
Q8NGV5	L344H	0.0956	benign
Q8NGV5	L344I	0.0843	benign
Q8NGV5	L344K	0.0633	benign
Q8NGV5	L344M	0.0984	benign
Q8NGV5	L344N	0.1265	benign
Q8NGV5	L344P	0.073	benign
Q8NGV5	L344Q	0.0552	benign
Q8NGV5	L344R	0.0525	benign
Q8NGV5	L344S	0.0852	benign
Q8NGV5	L344T	0.086	benign
Q8NGV5	L344V	0.0798	benign
Q8NGV5	L344W	0.0547	benign
Q8NGV5	L344Y	0.1342	benign
Q8NGV5	K345A	0.1661	benign
Q8NGV5	K345C	0.3192	benign
Q8NGV5	K345D	0.2034	benign
Q8NGV5	K345E	0.1012	benign
Q8NGV5	K345F	0.3036	benign
Q8NGV5	K345G	0.1653	benign
Q8NGV5	K345H	0.173	benign
Q8NGV5	K345I	0.18	benign
Q8NGV5	K345L	0.1639	benign
Q8NGV5	K345M	0.1859	benign
Q8NGV5	K345N	0.1539	benign
Q8NGV5	K345P	0.1859	benign
Q8NGV5	K345Q	0.0982	benign
Q8NGV5	K345R	0.0675	benign
Q8NGV5	K345S	0.1719	benign
Q8NGV5	K345T	0.1213	benign
Q8NGV5	K345V	0.1853	benign
Q8NGV5	K345W	0.3777	ambiguous
Q8NGV5	K345Y	0.2434	benign
Q8NGV5	M346A	0.1594	benign
Q8NGV5	M346C	0.1782	benign
Q8NGV5	M346D	0.2638	benign
Q8NGV5	M346E	0.1572	benign
Q8NGV5	M346F	0.1226	benign
Q8NGV5	M346G	0.2061	benign
Q8NGV5	M346H	0.1972	benign
Q8NGV5	M346I	0.1159	benign
Q8NGV5	M346K	0.0888	benign
Q8NGV5	M346L	0.0747	benign
Q8NGV5	M346N	0.1414	benign
Q8NGV5	M346P	0.2097	benign
Q8NGV5	M346Q	0.1038	benign
Q8NGV5	M346R	0.0912	benign
Q8NGV5	M346S	0.1522	benign
Q8NGV5	M346T	0.1284	benign
Q8NGV5	M346V	0.0575	benign
Q8NGV5	M346W	0.1514	benign
Q8NGV5	M346Y	0.1584	benign
